0.000000	0.879724
0.001000	0.885151
0.002000	0.890581
0.003000	0.896012
0.004000	0.901445
0.005000	0.906880
0.006000	0.912316
0.007000	0.917754
0.008000	0.923192
0.009000	0.928631
0.010000	0.934070
0.011000	0.939508
0.012000	0.944944
0.013000	0.950377
0.014000	0.955806
0.015000	0.961230
0.016000	0.966649
0.017000	0.972061
0.018000	0.977467
0.019000	0.982869
0.020000	0.988267
0.021000	0.993663
0.022000	0.999057
0.023000	1.004452
0.024000	1.009849
0.025000	1.015248
0.026000	1.020650
0.027000	1.026055
0.028000	1.031464
0.029000	1.036874
0.030000	1.042287
0.031000	1.047701
0.032000	1.053115
0.033000	1.058529
0.034000	1.063943
0.035000	1.069355
0.036000	1.074766
0.037000	1.080175
0.038000	1.085581
0.039000	1.090984
0.040000	1.096384
0.041000	1.101782
0.042000	1.107175
0.043000	1.112566
0.044000	1.117952
0.045000	1.123335
0.046000	1.128713
0.047000	1.134087
0.048000	1.139457
0.049000	1.144823
0.050000	1.150184
0.051000	1.155540
0.052000	1.160892
0.053000	1.166238
0.054000	1.171579
0.055000	1.176915
0.056000	1.182246
0.057000	1.187571
0.058000	1.192890
0.059000	1.198204
0.060000	1.203512
0.061000	1.208813
0.062000	1.214109
0.063000	1.219398
0.064000	1.224680
0.065000	1.229956
0.066000	1.235226
0.067000	1.240488
0.068000	1.245744
0.069000	1.250992
0.070000	1.256233
0.071000	1.261467
0.072000	1.266693
0.073000	1.271911
0.074000	1.277122
0.075000	1.282325
0.076000	1.287519
0.077000	1.292706
0.078000	1.297884
0.079000	1.303054
0.080000	1.308215
0.081000	1.313368
0.082000	1.318512
0.083000	1.323646
0.084000	1.328772
0.085000	1.333889
0.086000	1.338996
0.087000	1.344093
0.088000	1.349181
0.089000	1.354260
0.090000	1.359328
0.091000	1.364387
0.092000	1.369435
0.093000	1.374473
0.094000	1.379501
0.095000	1.384518
0.096000	1.389524
0.097000	1.394520
0.098000	1.399505
0.099000	1.404479
0.100000	1.409442
0.101000	1.414393
0.102000	1.419333
0.103000	1.424262
0.104000	1.429178
0.105000	1.434083
0.106000	1.438976
0.107000	1.443857
0.108000	1.448726
0.109000	1.453583
0.110000	1.458427
0.111000	1.463259
0.112000	1.468077
0.113000	1.472883
0.114000	1.477677
0.115000	1.482457
0.116000	1.487223
0.117000	1.491977
0.118000	1.496717
0.119000	1.501443
0.120000	1.506156
0.121000	1.510855
0.122000	1.515540
0.123000	1.520211
0.124000	1.524867
0.125000	1.529509
0.126000	1.534137
0.127000	1.538750
0.128000	1.543349
0.129000	1.547932
0.130000	1.552501
0.131000	1.557054
0.132000	1.561592
0.133000	1.566115
0.134000	1.570622
0.135000	1.575114
0.136000	1.579589
0.137000	1.584049
0.138000	1.588493
0.139000	1.592921
0.140000	1.597332
0.141000	1.601727
0.142000	1.606106
0.143000	1.610468
0.144000	1.614813
0.145000	1.619141
0.146000	1.623452
0.147000	1.627746
0.148000	1.632022
0.149000	1.636281
0.150000	1.640523
0.151000	1.644747
0.152000	1.648953
0.153000	1.653141
0.154000	1.657311
0.155000	1.661462
0.156000	1.665596
0.157000	1.669710
0.158000	1.673807
0.159000	1.677884
0.160000	1.681943
0.161000	1.685982
0.162000	1.690002
0.163000	1.694004
0.164000	1.697985
0.165000	1.701947
0.166000	1.705890
0.167000	1.709813
0.168000	1.713715
0.169000	1.717598
0.170000	1.721460
0.171000	1.725303
0.172000	1.729124
0.173000	1.732925
0.174000	1.736706
0.175000	1.740465
0.176000	1.744203
0.177000	1.747921
0.178000	1.751617
0.179000	1.755291
0.180000	1.758944
0.181000	1.762576
0.182000	1.766185
0.183000	1.769773
0.184000	1.773338
0.185000	1.776882
0.186000	1.780403
0.187000	1.783901
0.188000	1.787377
0.189000	1.790830
0.190000	1.794260
0.191000	1.797667
0.192000	1.801051
0.193000	1.804411
0.194000	1.807749
0.195000	1.811062
0.196000	1.814352
0.197000	1.817618
0.198000	1.820860
0.199000	1.824077
0.200000	1.827271
0.201000	1.830440
0.202000	1.833584
0.203000	1.836704
0.204000	1.839799
0.205000	1.842868
0.206000	1.845913
0.207000	1.848932
0.208000	1.851926
0.209000	1.854895
0.210000	1.857838
0.211000	1.860754
0.212000	1.863645
0.213000	1.866510
0.214000	1.869348
0.215000	1.872160
0.216000	1.874946
0.217000	1.877705
0.218000	1.880436
0.219000	1.883141
0.220000	1.885819
0.221000	1.888469
0.222000	1.891092
0.223000	1.893688
0.224000	1.896255
0.225000	1.898795
0.226000	1.901307
0.227000	1.903790
0.228000	1.906246
0.229000	1.908672
0.230000	1.911071
0.231000	1.913440
0.232000	1.915780
0.233000	1.918092
0.234000	1.920374
0.235000	1.922627
0.236000	1.924850
0.237000	1.927044
0.238000	1.929207
0.239000	1.931341
0.240000	1.933445
0.241000	1.935518
0.242000	1.937561
0.243000	1.939574
0.244000	1.941556
0.245000	1.943506
0.246000	1.945426
0.247000	1.947315
0.248000	1.949172
0.249000	1.950998
0.250000	1.952792
0.251000	1.954555
0.252000	1.956285
0.253000	1.957984
0.254000	1.959650
0.255000	1.961283
0.256000	1.962885
0.257000	1.964453
0.258000	1.965989
0.259000	1.967491
0.260000	1.968961
0.261000	1.970397
0.262000	1.971799
0.263000	1.973168
0.264000	1.974504
0.265000	1.975805
0.266000	1.977072
0.267000	1.978305
0.268000	1.979503
0.269000	1.980667
0.270000	1.981797
0.271000	1.982891
0.272000	1.983950
0.273000	1.984974
0.274000	1.985963
0.275000	1.986917
0.276000	1.987834
0.277000	1.988716
0.278000	1.989562
0.279000	1.990372
0.280000	1.991146
0.281000	1.991883
0.282000	1.992583
0.283000	1.993247
0.284000	1.993874
0.285000	1.994464
0.286000	1.995017
0.287000	1.995533
0.288000	1.996011
0.289000	1.996451
0.290000	1.996854
0.291000	1.997218
0.292000	1.997545
0.293000	1.997833
0.294000	1.998083
0.295000	1.998295
0.296000	1.998468
0.297000	1.998602
0.298000	1.998697
0.299000	1.998753
0.300000	1.998769
0.301000	1.998746
0.302000	1.998684
0.303000	1.998582
0.304000	1.998440
0.305000	1.998258
0.306000	1.998036
0.307000	1.997774
0.308000	1.997471
0.309000	1.997128
0.310000	1.996744
0.311000	1.996320
0.312000	1.995854
0.313000	1.995347
0.314000	1.994799
0.315000	1.994210
0.316000	1.993579
0.317000	1.992907
0.318000	1.992192
0.319000	1.991436
0.320000	1.990638
0.321000	1.989798
0.322000	1.988915
0.323000	1.987991
0.324000	1.987023
0.325000	1.986013
0.326000	1.984960
0.327000	1.983865
0.328000	1.982726
0.329000	1.981544
0.330000	1.980319
0.331000	1.979051
0.332000	1.977740
0.333000	1.976384
0.334000	1.974985
0.335000	1.973543
0.336000	1.972056
0.337000	1.970526
0.338000	1.968952
0.339000	1.967333
0.340000	1.965670
0.341000	1.963963
0.342000	1.962212
0.343000	1.960415
0.344000	1.958575
0.345000	1.956690
0.346000	1.954759
0.347000	1.952785
0.348000	1.950765
0.349000	1.948700
0.350000	1.946590
0.351000	1.944435
0.352000	1.942235
0.353000	1.939990
0.354000	1.937699
0.355000	1.935363
0.356000	1.932981
0.357000	1.930555
0.358000	1.928082
0.359000	1.925564
0.360000	1.923001
0.361000	1.920391
0.362000	1.917737
0.363000	1.915036
0.364000	1.912290
0.365000	1.909498
0.366000	1.906660
0.367000	1.903776
0.368000	1.900847
0.369000	1.897871
0.370000	1.894850
0.371000	1.891783
0.372000	1.888671
0.373000	1.885512
0.374000	1.882307
0.375000	1.879057
0.376000	1.875761
0.377000	1.872419
0.378000	1.869032
0.379000	1.865598
0.380000	1.862119
0.381000	1.858595
0.382000	1.855025
0.383000	1.851409
0.384000	1.847747
0.385000	1.844040
0.386000	1.840288
0.387000	1.836490
0.388000	1.832647
0.389000	1.828759
0.390000	1.824826
0.391000	1.820848
0.392000	1.816824
0.393000	1.812756
0.394000	1.808643
0.395000	1.804485
0.396000	1.800283
0.397000	1.796036
0.398000	1.791744
0.399000	1.787409
0.400000	1.783029
0.401000	1.778605
0.402000	1.774138
0.403000	1.769626
0.404000	1.765071
0.405000	1.760473
0.406000	1.755831
0.407000	1.751146
0.408000	1.746418
0.409000	1.741648
0.410000	1.736834
0.411000	1.731978
0.412000	1.727080
0.413000	1.722140
0.414000	1.717158
0.415000	1.712134
0.416000	1.707068
0.417000	1.701962
0.418000	1.696814
0.419000	1.691625
0.420000	1.686396
0.421000	1.681126
0.422000	1.675816
0.423000	1.670466
0.424000	1.665077
0.425000	1.659647
0.426000	1.654179
0.427000	1.648672
0.428000	1.643126
0.429000	1.637542
0.430000	1.631919
0.431000	1.626259
0.432000	1.620561
0.433000	1.614826
0.434000	1.609054
0.435000	1.603245
0.436000	1.597399
0.437000	1.591518
0.438000	1.585601
0.439000	1.579648
0.440000	1.573661
0.441000	1.567638
0.442000	1.561581
0.443000	1.555490
0.444000	1.549366
0.445000	1.543207
0.446000	1.537016
0.447000	1.530792
0.448000	1.524536
0.449000	1.518247
0.450000	1.511927
0.451000	1.505576
0.452000	1.499194
0.453000	1.492781
0.454000	1.486338
0.455000	1.479866
0.456000	1.473364
0.457000	1.466833
0.458000	1.460274
0.459000	1.453686
0.460000	1.447071
0.461000	1.440429
0.462000	1.433760
0.463000	1.427064
0.464000	1.420342
0.465000	1.413594
0.466000	1.406822
0.467000	1.400024
0.468000	1.393203
0.469000	1.386357
0.470000	1.379488
0.471000	1.372596
0.472000	1.365682
0.473000	1.358745
0.474000	1.351787
0.475000	1.344807
0.476000	1.337807
0.477000	1.330786
0.478000	1.323746
0.479000	1.316686
0.480000	1.309608
0.481000	1.302511
0.482000	1.295396
0.483000	1.288264
0.484000	1.281115
0.485000	1.273949
0.486000	1.266767
0.487000	1.259570
0.488000	1.252357
0.489000	1.245130
0.490000	1.237889
0.491000	1.230635
0.492000	1.223367
0.493000	1.216086
0.494000	1.208794
0.495000	1.201489
0.496000	1.194174
0.497000	1.186848
0.498000	1.179511
0.499000	1.172165
0.500000	1.164810
0.501000	1.157446
0.502000	1.150074
0.503000	1.142694
0.504000	1.135307
0.505000	1.127913
0.506000	1.120513
0.507000	1.113107
0.508000	1.105696
0.509000	1.098280
0.510000	1.090860
0.511000	1.083436
0.512000	1.076008
0.513000	1.068578
0.514000	1.061146
0.515000	1.053712
0.516000	1.046276
0.517000	1.038840
0.518000	1.031403
0.519000	1.023966
0.520000	1.016530
0.521000	1.009095
0.522000	1.001662
0.523000	0.994230
0.524000	0.986801
0.525000	0.979376
0.526000	0.971953
0.527000	0.964535
0.528000	0.957121
0.529000	0.949712
0.530000	0.942308
0.531000	0.934910
0.532000	0.927519
0.533000	0.920134
0.534000	0.912756
0.535000	0.905387
0.536000	0.898025
0.537000	0.890672
0.538000	0.883328
0.539000	0.875993
0.540000	0.868668
0.541000	0.861354
0.542000	0.854051
0.543000	0.846759
0.544000	0.839478
0.545000	0.832210
0.546000	0.824955
0.547000	0.817712
0.548000	0.810483
0.549000	0.803268
0.550000	0.796067
0.551000	0.788880
0.552000	0.781709
0.553000	0.774554
0.554000	0.767414
0.555000	0.760291
0.556000	0.753185
0.557000	0.746096
0.558000	0.739024
0.559000	0.731970
0.560000	0.724935
0.561000	0.717919
0.562000	0.710921
0.563000	0.703943
0.564000	0.696986
0.565000	0.690048
0.566000	0.683131
0.567000	0.676235
0.568000	0.669361
0.569000	0.662508
0.570000	0.655678
0.571000	0.648870
0.572000	0.642085
0.573000	0.635323
0.574000	0.628584
0.575000	0.621870
0.576000	0.615180
0.577000	0.608514
0.578000	0.601874
0.579000	0.595258
0.580000	0.588669
0.581000	0.582105
0.582000	0.575567
0.583000	0.569056
0.584000	0.562572
0.585000	0.556115
0.586000	0.549685
0.587000	0.543284
0.588000	0.536910
0.589000	0.530565
0.590000	0.524249
0.591000	0.517961
0.592000	0.511703
0.593000	0.505474
0.594000	0.499276
0.595000	0.493107
0.596000	0.486969
0.597000	0.480861
0.598000	0.474784
0.599000	0.468739
0.600000	0.462725
0.601000	0.456743
0.602000	0.450793
0.603000	0.444874
0.604000	0.438989
0.605000	0.433136
0.606000	0.427316
0.607000	0.421530
0.608000	0.415776
0.609000	0.410057
0.610000	0.404371
0.611000	0.398720
0.612000	0.393102
0.613000	0.387520
0.614000	0.381972
0.615000	0.376459
0.616000	0.370981
0.617000	0.365539
0.618000	0.360132
0.619000	0.354761
0.620000	0.349426
0.621000	0.344127
0.622000	0.338865
0.623000	0.333639
0.624000	0.328450
0.625000	0.323298
0.626000	0.318183
0.627000	0.313105
0.628000	0.308065
0.629000	0.303062
0.630000	0.298097
0.631000	0.293169
0.632000	0.288280
0.633000	0.283430
0.634000	0.278617
0.635000	0.273843
0.636000	0.269108
0.637000	0.264411
0.638000	0.259754
0.639000	0.255136
0.640000	0.250556
0.641000	0.246017
0.642000	0.241516
0.643000	0.237055
0.644000	0.232634
0.645000	0.228253
0.646000	0.223912
0.647000	0.219611
0.648000	0.215350
0.649000	0.211129
0.650000	0.206949
0.651000	0.202809
0.652000	0.198710
0.653000	0.194652
0.654000	0.190634
0.655000	0.186657
0.656000	0.182721
0.657000	0.178826
0.658000	0.174972
0.659000	0.171160
0.660000	0.167389
0.661000	0.163659
0.662000	0.159970
0.663000	0.156323
0.664000	0.152718
0.665000	0.149154
0.666000	0.145632
0.667000	0.142152
0.668000	0.138713
0.669000	0.135317
0.670000	0.131962
0.671000	0.128649
0.672000	0.125379
0.673000	0.122150
0.674000	0.118963
0.675000	0.115819
0.676000	0.112717
0.677000	0.109656
0.678000	0.106639
0.679000	0.103663
0.680000	0.100730
0.681000	0.097839
0.682000	0.094990
0.683000	0.092184
0.684000	0.089420
0.685000	0.086699
0.686000	0.084020
0.687000	0.081384
0.688000	0.078789
0.689000	0.076238
0.690000	0.073729
0.691000	0.071262
0.692000	0.068838
0.693000	0.066456
0.694000	0.064117
0.695000	0.061820
0.696000	0.059566
0.697000	0.057354
0.698000	0.055184
0.699000	0.053057
0.700000	0.050973
0.701000	0.048931
0.702000	0.046931
0.703000	0.044973
0.704000	0.043058
0.705000	0.041185
0.706000	0.039355
0.707000	0.037567
0.708000	0.035821
0.709000	0.034117
0.710000	0.032455
0.711000	0.030836
0.712000	0.029259
0.713000	0.027723
0.714000	0.026230
0.715000	0.024779
0.716000	0.023369
0.717000	0.022002
0.718000	0.020676
0.719000	0.019393
0.720000	0.018151
0.721000	0.016950
0.722000	0.015792
0.723000	0.014675
0.724000	0.013599
0.725000	0.012565
0.726000	0.011573
0.727000	0.010621
0.728000	0.009712
0.729000	0.008843
0.730000	0.008015
0.731000	0.007229
0.732000	0.006484
0.733000	0.005779
0.734000	0.005116
0.735000	0.004493
0.736000	0.003911
0.737000	0.003370
0.738000	0.002869
0.739000	0.002409
0.740000	0.001990
0.741000	0.001611
0.742000	0.001272
0.743000	0.000973
0.744000	0.000714
0.745000	0.000496
0.746000	0.000317
0.747000	0.000178
0.748000	0.000079
0.749000	0.000020
0.750000	0.000000
0.751000	0.000020
0.752000	0.000079
0.753000	0.000177
0.754000	0.000315
0.755000	0.000492
0.756000	0.000707
0.757000	0.000962
0.758000	0.001256
0.759000	0.001588
0.760000	0.001959
0.761000	0.002368
0.762000	0.002816
0.763000	0.003302
0.764000	0.003826
0.765000	0.004388
0.766000	0.004988
0.767000	0.005626
0.768000	0.006302
0.769000	0.007015
0.770000	0.007766
0.771000	0.008555
0.772000	0.009380
0.773000	0.010243
0.774000	0.011143
0.775000	0.012080
0.776000	0.013053
0.777000	0.014064
0.778000	0.015110
0.779000	0.016194
0.780000	0.017313
0.781000	0.018469
0.782000	0.019661
0.783000	0.020889
0.784000	0.022153
0.785000	0.023452
0.786000	0.024787
0.787000	0.026157
0.788000	0.027563
0.789000	0.029004
0.790000	0.030480
0.791000	0.031991
0.792000	0.033537
0.793000	0.035117
0.794000	0.036732
0.795000	0.038381
0.796000	0.040065
0.797000	0.041782
0.798000	0.043534
0.799000	0.045319
0.800000	0.047138
0.801000	0.048991
0.802000	0.050877
0.803000	0.052797
0.804000	0.054749
0.805000	0.056735
0.806000	0.058754
0.807000	0.060805
0.808000	0.062889
0.809000	0.065005
0.810000	0.067154
0.811000	0.069334
0.812000	0.071547
0.813000	0.073792
0.814000	0.076068
0.815000	0.078376
0.816000	0.080715
0.817000	0.083086
0.818000	0.085488
0.819000	0.087920
0.820000	0.090384
0.821000	0.092878
0.822000	0.095403
0.823000	0.097958
0.824000	0.100543
0.825000	0.103159
0.826000	0.105804
0.827000	0.108479
0.828000	0.111184
0.829000	0.113918
0.830000	0.116682
0.831000	0.119475
0.832000	0.122297
0.833000	0.125147
0.834000	0.128027
0.835000	0.130935
0.836000	0.133871
0.837000	0.136835
0.838000	0.139828
0.839000	0.142849
0.840000	0.145897
0.841000	0.148973
0.842000	0.152076
0.843000	0.155207
0.844000	0.158365
0.845000	0.161550
0.846000	0.164761
0.847000	0.168000
0.848000	0.171264
0.849000	0.174556
0.850000	0.177873
0.851000	0.181216
0.852000	0.184586
0.853000	0.187981
0.854000	0.191401
0.855000	0.194847
0.856000	0.198318
0.857000	0.201815
0.858000	0.205336
0.859000	0.208882
0.860000	0.212452
0.861000	0.216047
0.862000	0.219666
0.863000	0.223310
0.864000	0.226977
0.865000	0.230668
0.866000	0.234382
0.867000	0.238120
0.868000	0.241882
0.869000	0.245666
0.870000	0.249474
0.871000	0.253304
0.872000	0.257157
0.873000	0.261032
0.874000	0.264930
0.875000	0.268850
0.876000	0.272792
0.877000	0.276755
0.878000	0.280741
0.879000	0.284747
0.880000	0.288775
0.881000	0.292825
0.882000	0.296895
0.883000	0.300986
0.884000	0.305098
0.885000	0.309230
0.886000	0.313383
0.887000	0.317556
0.888000	0.321749
0.889000	0.325962
0.890000	0.330194
0.891000	0.334446
0.892000	0.338718
0.893000	0.343008
0.894000	0.347318
0.895000	0.351646
0.896000	0.355994
0.897000	0.360359
0.898000	0.364744
0.899000	0.369146
0.900000	0.373566
0.901000	0.378005
0.902000	0.382461
0.903000	0.386935
0.904000	0.391426
0.905000	0.395934
0.906000	0.400459
0.907000	0.405002
0.908000	0.409561
0.909000	0.414136
0.910000	0.418728
0.911000	0.423337
0.912000	0.427961
0.913000	0.432601
0.914000	0.437258
0.915000	0.441929
0.916000	0.446616
0.917000	0.451319
0.918000	0.456037
0.919000	0.460769
0.920000	0.465516
0.921000	0.470278
0.922000	0.475055
0.923000	0.479846
0.924000	0.484651
0.925000	0.489470
0.926000	0.494302
0.927000	0.499149
0.928000	0.504009
0.929000	0.508882
0.930000	0.513769
0.931000	0.518668
0.932000	0.523581
0.933000	0.528506
0.934000	0.533443
0.935000	0.538393
0.936000	0.543356
0.937000	0.548330
0.938000	0.553316
0.939000	0.558314
0.940000	0.563324
0.941000	0.568345
0.942000	0.573377
0.943000	0.578420
0.944000	0.583475
0.945000	0.588540
0.946000	0.593615
0.947000	0.598702
0.948000	0.603798
0.949000	0.608905
0.950000	0.614022
0.951000	0.619148
0.952000	0.624285
0.953000	0.629430
0.954000	0.634585
0.955000	0.639750
0.956000	0.644923
0.957000	0.650106
0.958000	0.655297
0.959000	0.660497
0.960000	0.665705
0.961000	0.670921
0.962000	0.676146
0.963000	0.681378
0.964000	0.686619
0.965000	0.691867
0.966000	0.697123
0.967000	0.702386
0.968000	0.707656
0.969000	0.712933
0.970000	0.718217
0.971000	0.723508
0.972000	0.728805
0.973000	0.734109
0.974000	0.739420
0.975000	0.744736
0.976000	0.750058
0.977000	0.755386
0.978000	0.760720
0.979000	0.766060
0.980000	0.771405
0.981000	0.776755
0.982000	0.782110
0.983000	0.787470
0.984000	0.792835
0.985000	0.798204
0.986000	0.803578
0.987000	0.808956
0.988000	0.814339
0.989000	0.819725
0.990000	0.825116
0.991000	0.830510
0.992000	0.835908
0.993000	0.841309
0.994000	0.846713
0.995000	0.852121
0.996000	0.857531
0.997000	0.862945
0.998000	0.868361
0.999000	0.873780
