0.000000	0.714571
0.001000	0.718816
0.002000	0.723064
0.003000	0.727315
0.004000	0.731569
0.005000	0.735824
0.006000	0.740083
0.007000	0.744343
0.008000	0.748606
0.009000	0.752872
0.010000	0.757139
0.011000	0.761408
0.012000	0.765680
0.013000	0.769953
0.014000	0.774229
0.015000	0.778506
0.016000	0.782785
0.017000	0.787065
0.018000	0.791347
0.019000	0.795631
0.020000	0.799917
0.021000	0.804203
0.022000	0.808491
0.023000	0.812781
0.024000	0.817071
0.025000	0.821363
0.026000	0.825656
0.027000	0.829950
0.028000	0.834245
0.029000	0.838541
0.030000	0.842838
0.031000	0.847135
0.032000	0.851434
0.033000	0.855733
0.034000	0.860032
0.035000	0.864332
0.036000	0.868633
0.037000	0.872934
0.038000	0.877235
0.039000	0.881536
0.040000	0.885838
0.041000	0.890140
0.042000	0.894441
0.043000	0.898742
0.044000	0.903043
0.045000	0.907344
0.046000	0.911644
0.047000	0.915943
0.048000	0.920242
0.049000	0.924539
0.050000	0.928835
0.051000	0.933130
0.052000	0.937423
0.053000	0.941714
0.054000	0.946004
0.055000	0.950292
0.056000	0.954578
0.057000	0.958863
0.058000	0.963145
0.059000	0.967425
0.060000	0.971704
0.061000	0.975980
0.062000	0.980255
0.063000	0.984528
0.064000	0.988800
0.065000	0.993070
0.066000	0.997339
0.067000	1.001607
0.068000	1.005873
0.069000	1.010139
0.070000	1.014403
0.071000	1.018667
0.072000	1.022930
0.073000	1.027192
0.074000	1.031453
0.075000	1.035714
0.076000	1.039974
0.077000	1.044233
0.078000	1.048491
0.079000	1.052747
0.080000	1.057003
0.081000	1.061258
0.082000	1.065511
0.083000	1.069763
0.084000	1.074013
0.085000	1.078262
0.086000	1.082509
0.087000	1.086754
0.088000	1.090997
0.089000	1.095237
0.090000	1.099476
0.091000	1.103713
0.092000	1.107947
0.093000	1.112178
0.094000	1.116407
0.095000	1.120634
0.096000	1.124858
0.097000	1.129079
0.098000	1.133297
0.099000	1.137512
0.100000	1.141725
0.101000	1.145934
0.102000	1.150140
0.103000	1.154343
0.104000	1.158543
0.105000	1.162740
0.106000	1.166933
0.107000	1.171123
0.108000	1.175310
0.109000	1.179493
0.110000	1.183673
0.111000	1.187849
0.112000	1.192021
0.113000	1.196190
0.114000	1.200355
0.115000	1.204517
0.116000	1.208674
0.117000	1.212828
0.118000	1.216978
0.119000	1.221124
0.120000	1.225265
0.121000	1.229403
0.122000	1.233537
0.123000	1.237666
0.124000	1.241792
0.125000	1.245913
0.126000	1.250030
0.127000	1.254142
0.128000	1.258250
0.129000	1.262354
0.130000	1.266453
0.131000	1.270547
0.132000	1.274637
0.133000	1.278722
0.134000	1.282803
0.135000	1.286879
0.136000	1.290950
0.137000	1.295016
0.138000	1.299077
0.139000	1.303134
0.140000	1.307185
0.141000	1.311232
0.142000	1.315273
0.143000	1.319309
0.144000	1.323340
0.145000	1.327366
0.146000	1.331386
0.147000	1.335401
0.148000	1.339411
0.149000	1.343416
0.150000	1.347414
0.151000	1.351408
0.152000	1.355396
0.153000	1.359378
0.154000	1.363354
0.155000	1.367325
0.156000	1.371290
0.157000	1.375249
0.158000	1.379202
0.159000	1.383150
0.160000	1.387091
0.161000	1.391027
0.162000	1.394956
0.163000	1.398879
0.164000	1.402796
0.165000	1.406707
0.166000	1.410612
0.167000	1.414510
0.168000	1.418402
0.169000	1.422287
0.170000	1.426166
0.171000	1.430039
0.172000	1.433905
0.173000	1.437764
0.174000	1.441617
0.175000	1.445463
0.176000	1.449302
0.177000	1.453134
0.178000	1.456959
0.179000	1.460778
0.180000	1.464589
0.181000	1.468394
0.182000	1.472191
0.183000	1.475982
0.184000	1.479765
0.185000	1.483541
0.186000	1.487309
0.187000	1.491070
0.188000	1.494824
0.189000	1.498570
0.190000	1.502309
0.191000	1.506040
0.192000	1.509764
0.193000	1.513480
0.194000	1.517188
0.195000	1.520889
0.196000	1.524582
0.197000	1.528266
0.198000	1.531943
0.199000	1.535612
0.200000	1.539273
0.201000	1.542925
0.202000	1.546570
0.203000	1.550206
0.204000	1.553834
0.205000	1.557454
0.206000	1.561065
0.207000	1.564668
0.208000	1.568262
0.209000	1.571848
0.210000	1.575425
0.211000	1.578994
0.212000	1.582554
0.213000	1.586105
0.214000	1.589647
0.215000	1.593180
0.216000	1.596704
0.217000	1.600219
0.218000	1.603725
0.219000	1.607222
0.220000	1.610710
0.221000	1.614188
0.222000	1.617658
0.223000	1.621117
0.224000	1.624568
0.225000	1.628008
0.226000	1.631439
0.227000	1.634861
0.228000	1.638273
0.229000	1.641675
0.230000	1.645067
0.231000	1.648449
0.232000	1.651821
0.233000	1.655183
0.234000	1.658535
0.235000	1.661877
0.236000	1.665209
0.237000	1.668530
0.238000	1.671841
0.239000	1.675142
0.240000	1.678432
0.241000	1.681711
0.242000	1.684980
0.243000	1.688238
0.244000	1.691485
0.245000	1.694722
0.246000	1.697947
0.247000	1.701161
0.248000	1.704365
0.249000	1.707557
0.250000	1.710738
0.251000	1.713908
0.252000	1.717066
0.253000	1.720213
0.254000	1.723348
0.255000	1.726471
0.256000	1.729583
0.257000	1.732683
0.258000	1.735772
0.259000	1.738848
0.260000	1.741912
0.261000	1.744965
0.262000	1.748005
0.263000	1.751033
0.264000	1.754048
0.265000	1.757051
0.266000	1.760042
0.267000	1.763020
0.268000	1.765985
0.269000	1.768938
0.270000	1.771877
0.271000	1.774804
0.272000	1.777718
0.273000	1.780618
0.274000	1.783506
0.275000	1.786380
0.276000	1.789240
0.277000	1.792088
0.278000	1.794921
0.279000	1.797741
0.280000	1.800547
0.281000	1.803340
0.282000	1.806118
0.283000	1.808882
0.284000	1.811632
0.285000	1.814368
0.286000	1.817090
0.287000	1.819797
0.288000	1.822489
0.289000	1.825167
0.290000	1.827830
0.291000	1.830478
0.292000	1.833111
0.293000	1.835729
0.294000	1.838332
0.295000	1.840919
0.296000	1.843491
0.297000	1.846048
0.298000	1.848589
0.299000	1.851114
0.300000	1.853623
0.301000	1.856116
0.302000	1.858593
0.303000	1.861054
0.304000	1.863498
0.305000	1.865926
0.306000	1.868337
0.307000	1.870732
0.308000	1.873109
0.309000	1.875470
0.310000	1.877813
0.311000	1.880139
0.312000	1.882448
0.313000	1.884739
0.314000	1.887013
0.315000	1.889269
0.316000	1.891506
0.317000	1.893726
0.318000	1.895928
0.319000	1.898111
0.320000	1.900275
0.321000	1.902421
0.322000	1.904548
0.323000	1.906656
0.324000	1.908745
0.325000	1.910815
0.326000	1.912865
0.327000	1.914896
0.328000	1.916907
0.329000	1.918898
0.330000	1.920869
0.331000	1.922819
0.332000	1.924750
0.333000	1.926659
0.334000	1.928548
0.335000	1.930416
0.336000	1.932263
0.337000	1.934088
0.338000	1.935892
0.339000	1.937675
0.340000	1.939435
0.341000	1.941174
0.342000	1.942890
0.343000	1.944584
0.344000	1.946255
0.345000	1.947904
0.346000	1.949529
0.347000	1.951131
0.348000	1.952710
0.349000	1.954265
0.350000	1.955797
0.351000	1.957304
0.352000	1.958787
0.353000	1.960245
0.354000	1.961679
0.355000	1.963088
0.356000	1.964472
0.357000	1.965830
0.358000	1.967163
0.359000	1.968469
0.360000	1.969750
0.361000	1.971004
0.362000	1.972232
0.363000	1.973433
0.364000	1.974606
0.365000	1.975753
0.366000	1.976871
0.367000	1.977962
0.368000	1.979025
0.369000	1.980059
0.370000	1.981064
0.371000	1.982041
0.372000	1.982988
0.373000	1.983905
0.374000	1.984793
0.375000	1.985650
0.376000	1.986477
0.377000	1.987273
0.378000	1.988038
0.379000	1.988772
0.380000	1.989474
0.381000	1.990144
0.382000	1.990781
0.383000	1.991386
0.384000	1.991958
0.385000	1.992496
0.386000	1.993001
0.387000	1.993471
0.388000	1.993907
0.389000	1.994309
0.390000	1.994675
0.391000	1.995005
0.392000	1.995300
0.393000	1.995558
0.394000	1.995779
0.395000	1.995964
0.396000	1.996110
0.397000	1.996219
0.398000	1.996290
0.399000	1.996322
0.400000	1.996314
0.401000	1.996267
0.402000	1.996180
0.403000	1.996053
0.404000	1.995884
0.405000	1.995674
0.406000	1.995422
0.407000	1.995128
0.408000	1.994791
0.409000	1.994411
0.410000	1.993987
0.411000	1.993518
0.412000	1.993005
0.413000	1.992446
0.414000	1.991841
0.415000	1.991190
0.416000	1.990492
0.417000	1.989747
0.418000	1.988954
0.419000	1.988111
0.420000	1.987220
0.421000	1.986279
0.422000	1.985288
0.423000	1.984246
0.424000	1.983152
0.425000	1.982006
0.426000	1.980807
0.427000	1.979555
0.428000	1.978248
0.429000	1.976887
0.430000	1.975471
0.431000	1.973998
0.432000	1.972469
0.433000	1.970883
0.434000	1.969238
0.435000	1.967535
0.436000	1.965772
0.437000	1.963949
0.438000	1.962065
0.439000	1.960119
0.440000	1.958111
0.441000	1.956040
0.442000	1.953904
0.443000	1.951704
0.444000	1.949439
0.445000	1.947107
0.446000	1.944708
0.447000	1.942241
0.448000	1.939705
0.449000	1.937100
0.450000	1.934424
0.451000	1.931677
0.452000	1.928857
0.453000	1.925965
0.454000	1.922999
0.455000	1.919958
0.456000	1.916842
0.457000	1.913649
0.458000	1.910378
0.459000	1.907029
0.460000	1.903601
0.461000	1.900093
0.462000	1.896503
0.463000	1.892832
0.464000	1.889077
0.465000	1.885239
0.466000	1.881316
0.467000	1.877307
0.468000	1.873211
0.469000	1.869028
0.470000	1.864755
0.471000	1.860394
0.472000	1.855942
0.473000	1.851398
0.474000	1.846762
0.475000	1.842032
0.476000	1.837209
0.477000	1.832290
0.478000	1.827275
0.479000	1.822163
0.480000	1.816952
0.481000	1.811644
0.482000	1.806235
0.483000	1.800726
0.484000	1.795115
0.485000	1.789402
0.486000	1.783587
0.487000	1.777667
0.488000	1.771643
0.489000	1.765513
0.490000	1.759277
0.491000	1.752935
0.492000	1.746485
0.493000	1.739927
0.494000	1.733260
0.495000	1.726485
0.496000	1.719599
0.497000	1.712604
0.498000	1.705498
0.499000	1.698280
0.500000	1.690952
0.501000	1.683512
0.502000	1.675960
0.503000	1.668297
0.504000	1.660521
0.505000	1.652633
0.506000	1.644633
0.507000	1.636521
0.508000	1.628297
0.509000	1.619961
0.510000	1.611514
0.511000	1.602956
0.512000	1.594288
0.513000	1.585510
0.514000	1.576622
0.515000	1.567625
0.516000	1.558521
0.517000	1.549310
0.518000	1.539992
0.519000	1.530570
0.520000	1.521044
0.521000	1.511415
0.522000	1.501685
0.523000	1.491855
0.524000	1.481926
0.525000	1.471901
0.526000	1.461781
0.527000	1.451568
0.528000	1.441264
0.529000	1.430870
0.530000	1.420389
0.531000	1.409823
0.532000	1.399174
0.533000	1.388445
0.534000	1.377637
0.535000	1.366755
0.536000	1.355799
0.537000	1.344773
0.538000	1.333679
0.539000	1.322521
0.540000	1.311301
0.541000	1.300021
0.542000	1.288686
0.543000	1.277298
0.544000	1.265860
0.545000	1.254375
0.546000	1.242847
0.547000	1.231278
0.548000	1.219672
0.549000	1.208032
0.550000	1.196361
0.551000	1.184663
0.552000	1.172940
0.553000	1.161196
0.554000	1.149435
0.555000	1.137660
0.556000	1.125873
0.557000	1.114078
0.558000	1.102279
0.559000	1.090477
0.560000	1.078678
0.561000	1.066883
0.562000	1.055096
0.563000	1.043320
0.564000	1.031557
0.565000	1.019811
0.566000	1.008085
0.567000	0.996381
0.568000	0.984703
0.569000	0.973052
0.570000	0.961432
0.571000	0.949845
0.572000	0.938294
0.573000	0.926781
0.574000	0.915308
0.575000	0.903878
0.576000	0.892494
0.577000	0.881157
0.578000	0.869869
0.579000	0.858632
0.580000	0.847449
0.581000	0.836321
0.582000	0.825250
0.583000	0.814239
0.584000	0.803287
0.585000	0.792398
0.586000	0.781573
0.587000	0.770813
0.588000	0.760119
0.589000	0.749493
0.590000	0.738937
0.591000	0.728451
0.592000	0.718037
0.593000	0.707695
0.594000	0.697427
0.595000	0.687234
0.596000	0.677116
0.597000	0.667075
0.598000	0.657111
0.599000	0.647225
0.600000	0.637418
0.601000	0.627691
0.602000	0.618043
0.603000	0.608476
0.604000	0.598991
0.605000	0.589586
0.606000	0.580264
0.607000	0.571024
0.608000	0.561867
0.609000	0.552793
0.610000	0.543803
0.611000	0.534896
0.612000	0.526073
0.613000	0.517333
0.614000	0.508678
0.615000	0.500107
0.616000	0.491621
0.617000	0.483219
0.618000	0.474901
0.619000	0.466667
0.620000	0.458518
0.621000	0.450454
0.622000	0.442474
0.623000	0.434577
0.624000	0.426765
0.625000	0.419037
0.626000	0.411393
0.627000	0.403833
0.628000	0.396356
0.629000	0.388962
0.630000	0.381651
0.631000	0.374424
0.632000	0.367278
0.633000	0.360216
0.634000	0.353235
0.635000	0.346336
0.636000	0.339519
0.637000	0.332783
0.638000	0.326128
0.639000	0.319554
0.640000	0.313060
0.641000	0.306646
0.642000	0.300312
0.643000	0.294057
0.644000	0.287881
0.645000	0.281783
0.646000	0.275764
0.647000	0.269823
0.648000	0.263959
0.649000	0.258172
0.650000	0.252462
0.651000	0.246829
0.652000	0.241271
0.653000	0.235789
0.654000	0.230382
0.655000	0.225050
0.656000	0.219792
0.657000	0.214608
0.658000	0.209498
0.659000	0.204461
0.660000	0.199496
0.661000	0.194604
0.662000	0.189784
0.663000	0.185035
0.664000	0.180357
0.665000	0.175750
0.666000	0.171213
0.667000	0.166745
0.668000	0.162348
0.669000	0.158019
0.670000	0.153758
0.671000	0.149566
0.672000	0.145442
0.673000	0.141384
0.674000	0.137394
0.675000	0.133470
0.676000	0.129612
0.677000	0.125820
0.678000	0.122092
0.679000	0.118430
0.680000	0.114832
0.681000	0.111298
0.682000	0.107827
0.683000	0.104420
0.684000	0.101075
0.685000	0.097793
0.686000	0.094572
0.687000	0.091413
0.688000	0.088315
0.689000	0.085278
0.690000	0.082301
0.691000	0.079384
0.692000	0.076526
0.693000	0.073728
0.694000	0.070988
0.695000	0.068306
0.696000	0.065683
0.697000	0.063117
0.698000	0.060608
0.699000	0.058156
0.700000	0.055760
0.701000	0.053420
0.702000	0.051136
0.703000	0.048907
0.704000	0.046733
0.705000	0.044614
0.706000	0.042549
0.707000	0.040537
0.708000	0.038579
0.709000	0.036674
0.710000	0.034821
0.711000	0.033021
0.712000	0.031273
0.713000	0.029576
0.714000	0.027931
0.715000	0.026337
0.716000	0.024793
0.717000	0.023299
0.718000	0.021855
0.719000	0.020461
0.720000	0.019115
0.721000	0.017819
0.722000	0.016571
0.723000	0.015371
0.724000	0.014219
0.725000	0.013115
0.726000	0.012057
0.727000	0.011047
0.728000	0.010083
0.729000	0.009165
0.730000	0.008293
0.731000	0.007466
0.732000	0.006685
0.733000	0.005948
0.734000	0.005256
0.735000	0.004609
0.736000	0.004005
0.737000	0.003445
0.738000	0.002928
0.739000	0.002455
0.740000	0.002024
0.741000	0.001635
0.742000	0.001289
0.743000	0.000985
0.744000	0.000722
0.745000	0.000500
0.746000	0.000319
0.747000	0.000179
0.748000	0.000079
0.749000	0.000020
0.750000	0.000000
0.751000	0.000020
0.752000	0.000079
0.753000	0.000177
0.754000	0.000313
0.755000	0.000488
0.756000	0.000701
0.757000	0.000952
0.758000	0.001241
0.759000	0.001567
0.760000	0.001930
0.761000	0.002330
0.762000	0.002766
0.763000	0.003239
0.764000	0.003748
0.765000	0.004292
0.766000	0.004872
0.767000	0.005487
0.768000	0.006137
0.769000	0.006822
0.770000	0.007541
0.771000	0.008295
0.772000	0.009082
0.773000	0.009904
0.774000	0.010758
0.775000	0.011646
0.776000	0.012568
0.777000	0.013521
0.778000	0.014508
0.779000	0.015526
0.780000	0.016577
0.781000	0.017660
0.782000	0.018774
0.783000	0.019919
0.784000	0.021096
0.785000	0.022304
0.786000	0.023542
0.787000	0.024811
0.788000	0.026110
0.789000	0.027438
0.790000	0.028797
0.791000	0.030186
0.792000	0.031603
0.793000	0.033050
0.794000	0.034526
0.795000	0.036030
0.796000	0.037563
0.797000	0.039124
0.798000	0.040713
0.799000	0.042330
0.800000	0.043975
0.801000	0.045647
0.802000	0.047347
0.803000	0.049073
0.804000	0.050827
0.805000	0.052606
0.806000	0.054413
0.807000	0.056245
0.808000	0.058104
0.809000	0.059988
0.810000	0.061898
0.811000	0.063834
0.812000	0.065795
0.813000	0.067780
0.814000	0.069791
0.815000	0.071826
0.816000	0.073886
0.817000	0.075970
0.818000	0.078079
0.819000	0.080211
0.820000	0.082367
0.821000	0.084546
0.822000	0.086749
0.823000	0.088975
0.824000	0.091224
0.825000	0.093496
0.826000	0.095790
0.827000	0.098107
0.828000	0.100447
0.829000	0.102808
0.830000	0.105191
0.831000	0.107597
0.832000	0.110023
0.833000	0.112472
0.834000	0.114941
0.835000	0.117432
0.836000	0.119943
0.837000	0.122476
0.838000	0.125028
0.839000	0.127602
0.840000	0.130195
0.841000	0.132809
0.842000	0.135443
0.843000	0.138096
0.844000	0.140769
0.845000	0.143462
0.846000	0.146174
0.847000	0.148905
0.848000	0.151655
0.849000	0.154423
0.850000	0.157211
0.851000	0.160017
0.852000	0.162841
0.853000	0.165684
0.854000	0.168545
0.855000	0.171423
0.856000	0.174320
0.857000	0.177234
0.858000	0.180165
0.859000	0.183114
0.860000	0.186080
0.861000	0.189063
0.862000	0.192063
0.863000	0.195080
0.864000	0.198113
0.865000	0.201163
0.866000	0.204229
0.867000	0.207311
0.868000	0.210410
0.869000	0.213524
0.870000	0.216654
0.871000	0.219800
0.872000	0.222961
0.873000	0.226137
0.874000	0.229329
0.875000	0.232536
0.876000	0.235757
0.877000	0.238994
0.878000	0.242245
0.879000	0.245511
0.880000	0.248791
0.881000	0.252086
0.882000	0.255395
0.883000	0.258717
0.884000	0.262054
0.885000	0.265404
0.886000	0.268768
0.887000	0.272146
0.888000	0.275537
0.889000	0.278941
0.890000	0.282359
0.891000	0.285789
0.892000	0.289233
0.893000	0.292689
0.894000	0.296158
0.895000	0.299639
0.896000	0.303133
0.897000	0.306639
0.898000	0.310158
0.899000	0.313688
0.900000	0.317231
0.901000	0.320785
0.902000	0.324351
0.903000	0.327929
0.904000	0.331518
0.905000	0.335118
0.906000	0.338730
0.907000	0.342353
0.908000	0.345987
0.909000	0.349632
0.910000	0.353288
0.911000	0.356954
0.912000	0.360631
0.913000	0.364319
0.914000	0.368016
0.915000	0.371725
0.916000	0.375443
0.917000	0.379171
0.918000	0.382910
0.919000	0.386658
0.920000	0.390416
0.921000	0.394184
0.922000	0.397961
0.923000	0.401748
0.924000	0.405543
0.925000	0.409349
0.926000	0.413163
0.927000	0.416986
0.928000	0.420818
0.929000	0.424660
0.930000	0.428509
0.931000	0.432368
0.932000	0.436235
0.933000	0.440110
0.934000	0.443994
0.935000	0.447886
0.936000	0.451786
0.937000	0.455694
0.938000	0.459610
0.939000	0.463534
0.940000	0.467466
0.941000	0.471405
0.942000	0.475352
0.943000	0.479306
0.944000	0.483268
0.945000	0.487237
0.946000	0.491213
0.947000	0.495197
0.948000	0.499187
0.949000	0.503184
0.950000	0.507189
0.951000	0.511199
0.952000	0.515217
0.953000	0.519241
0.954000	0.523272
0.955000	0.527309
0.956000	0.531352
0.957000	0.535401
0.958000	0.539457
0.959000	0.543519
0.960000	0.547586
0.961000	0.551660
0.962000	0.555739
0.963000	0.559824
0.964000	0.563915
0.965000	0.568011
0.966000	0.572112
0.967000	0.576219
0.968000	0.580332
0.969000	0.584449
0.970000	0.588572
0.971000	0.592699
0.972000	0.596832
0.973000	0.600970
0.974000	0.605112
0.975000	0.609259
0.976000	0.613411
0.977000	0.617567
0.978000	0.621727
0.979000	0.625893
0.980000	0.630062
0.981000	0.634236
0.982000	0.638414
0.983000	0.642596
0.984000	0.646782
0.985000	0.650972
0.986000	0.655166
0.987000	0.659363
0.988000	0.663565
0.989000	0.667770
0.990000	0.671978
0.991000	0.676190
0.992000	0.680406
0.993000	0.684625
0.994000	0.688847
0.995000	0.693072
0.996000	0.697301
0.997000	0.701532
0.998000	0.705767
0.999000	0.710004
