0.000000	0.655372
0.001000	0.659203
0.002000	0.663036
0.003000	0.666872
0.004000	0.670711
0.005000	0.674551
0.006000	0.678394
0.007000	0.682239
0.008000	0.686087
0.009000	0.689937
0.010000	0.693788
0.011000	0.697642
0.012000	0.701498
0.013000	0.705356
0.014000	0.709216
0.015000	0.713078
0.016000	0.716941
0.017000	0.720806
0.018000	0.724673
0.019000	0.728542
0.020000	0.732413
0.021000	0.736284
0.022000	0.740158
0.023000	0.744033
0.024000	0.747909
0.025000	0.751787
0.026000	0.755666
0.027000	0.759547
0.028000	0.763428
0.029000	0.767311
0.030000	0.771195
0.031000	0.775080
0.032000	0.778966
0.033000	0.782853
0.034000	0.786742
0.035000	0.790631
0.036000	0.794521
0.037000	0.798411
0.038000	0.802303
0.039000	0.806195
0.040000	0.810088
0.041000	0.813982
0.042000	0.817876
0.043000	0.821771
0.044000	0.825666
0.045000	0.829562
0.046000	0.833458
0.047000	0.837355
0.048000	0.841252
0.049000	0.845149
0.050000	0.849046
0.051000	0.852944
0.052000	0.856842
0.053000	0.860740
0.054000	0.864638
0.055000	0.868536
0.056000	0.872434
0.057000	0.876332
0.058000	0.880229
0.059000	0.884127
0.060000	0.888024
0.061000	0.891920
0.062000	0.895817
0.063000	0.899712
0.064000	0.903607
0.065000	0.907502
0.066000	0.911395
0.067000	0.915288
0.068000	0.919179
0.069000	0.923070
0.070000	0.926959
0.071000	0.930847
0.072000	0.934734
0.073000	0.938620
0.074000	0.942504
0.075000	0.946386
0.076000	0.950267
0.077000	0.954147
0.078000	0.958025
0.079000	0.961901
0.080000	0.965776
0.081000	0.969649
0.082000	0.973520
0.083000	0.977391
0.084000	0.981259
0.085000	0.985126
0.086000	0.988992
0.087000	0.992856
0.088000	0.996719
0.089000	1.000581
0.090000	1.004442
0.091000	1.008302
0.092000	1.012160
0.093000	1.016017
0.094000	1.019873
0.095000	1.023729
0.096000	1.027583
0.097000	1.031436
0.098000	1.035288
0.099000	1.039139
0.100000	1.042989
0.101000	1.046838
0.102000	1.050685
0.103000	1.054532
0.104000	1.058377
0.105000	1.062221
0.106000	1.066063
0.107000	1.069904
0.108000	1.073744
0.109000	1.077582
0.110000	1.081418
0.111000	1.085253
0.112000	1.089086
0.113000	1.092917
0.114000	1.096747
0.115000	1.100574
0.116000	1.104400
0.117000	1.108223
0.118000	1.112044
0.119000	1.115863
0.120000	1.119680
0.121000	1.123495
0.122000	1.127307
0.123000	1.131117
0.124000	1.134925
0.125000	1.138730
0.126000	1.142532
0.127000	1.146332
0.128000	1.150130
0.129000	1.153925
0.130000	1.157717
0.131000	1.161507
0.132000	1.165293
0.133000	1.169077
0.134000	1.172859
0.135000	1.176637
0.136000	1.180413
0.137000	1.184185
0.138000	1.187955
0.139000	1.191722
0.140000	1.195485
0.141000	1.199246
0.142000	1.203004
0.143000	1.206758
0.144000	1.210509
0.145000	1.214258
0.146000	1.218003
0.147000	1.221744
0.148000	1.225483
0.149000	1.229218
0.150000	1.232950
0.151000	1.236678
0.152000	1.240403
0.153000	1.244125
0.154000	1.247843
0.155000	1.251558
0.156000	1.255269
0.157000	1.258977
0.158000	1.262681
0.159000	1.266381
0.160000	1.270078
0.161000	1.273771
0.162000	1.277460
0.163000	1.281146
0.164000	1.284828
0.165000	1.288506
0.166000	1.292180
0.167000	1.295850
0.168000	1.299516
0.169000	1.303179
0.170000	1.306837
0.171000	1.310492
0.172000	1.314142
0.173000	1.317788
0.174000	1.321430
0.175000	1.325068
0.176000	1.328702
0.177000	1.332332
0.178000	1.335957
0.179000	1.339579
0.180000	1.343196
0.181000	1.346808
0.182000	1.350416
0.183000	1.354020
0.184000	1.357619
0.185000	1.361214
0.186000	1.364805
0.187000	1.368391
0.188000	1.371972
0.189000	1.375549
0.190000	1.379121
0.191000	1.382688
0.192000	1.386251
0.193000	1.389809
0.194000	1.393362
0.195000	1.396910
0.196000	1.400454
0.197000	1.403993
0.198000	1.407527
0.199000	1.411056
0.200000	1.414579
0.201000	1.418098
0.202000	1.421612
0.203000	1.425121
0.204000	1.428625
0.205000	1.432124
0.206000	1.435617
0.207000	1.439106
0.208000	1.442589
0.209000	1.446066
0.210000	1.449539
0.211000	1.453006
0.212000	1.456468
0.213000	1.459924
0.214000	1.463375
0.215000	1.466820
0.216000	1.470260
0.217000	1.473695
0.218000	1.477124
0.219000	1.480547
0.220000	1.483964
0.221000	1.487376
0.222000	1.490782
0.223000	1.494182
0.224000	1.497577
0.225000	1.500966
0.226000	1.504348
0.227000	1.507725
0.228000	1.511096
0.229000	1.514461
0.230000	1.517820
0.231000	1.521173
0.232000	1.524520
0.233000	1.527861
0.234000	1.531195
0.235000	1.534523
0.236000	1.537845
0.237000	1.541161
0.238000	1.544470
0.239000	1.547773
0.240000	1.551070
0.241000	1.554360
0.242000	1.557644
0.243000	1.560921
0.244000	1.564192
0.245000	1.567456
0.246000	1.570713
0.247000	1.573963
0.248000	1.577207
0.249000	1.580444
0.250000	1.583675
0.251000	1.586898
0.252000	1.590115
0.253000	1.593324
0.254000	1.596527
0.255000	1.599723
0.256000	1.602911
0.257000	1.606093
0.258000	1.609267
0.259000	1.612434
0.260000	1.615594
0.261000	1.618746
0.262000	1.621892
0.263000	1.625029
0.264000	1.628160
0.265000	1.631283
0.266000	1.634398
0.267000	1.637506
0.268000	1.640606
0.269000	1.643699
0.270000	1.646784
0.271000	1.649861
0.272000	1.652930
0.273000	1.655992
0.274000	1.659045
0.275000	1.662091
0.276000	1.665128
0.277000	1.668158
0.278000	1.671180
0.279000	1.674193
0.280000	1.677198
0.281000	1.680195
0.282000	1.683184
0.283000	1.686164
0.284000	1.689136
0.285000	1.692099
0.286000	1.695054
0.287000	1.698000
0.288000	1.700938
0.289000	1.703867
0.290000	1.706787
0.291000	1.709698
0.292000	1.712601
0.293000	1.715494
0.294000	1.718379
0.295000	1.721255
0.296000	1.724121
0.297000	1.726979
0.298000	1.729827
0.299000	1.732666
0.300000	1.735496
0.301000	1.738316
0.302000	1.741127
0.303000	1.743928
0.304000	1.746720
0.305000	1.749502
0.306000	1.752274
0.307000	1.755037
0.308000	1.757790
0.309000	1.760533
0.310000	1.763265
0.311000	1.765988
0.312000	1.768701
0.313000	1.771404
0.314000	1.774096
0.315000	1.776778
0.316000	1.779450
0.317000	1.782111
0.318000	1.784761
0.319000	1.787401
0.320000	1.790031
0.321000	1.792649
0.322000	1.795257
0.323000	1.797854
0.324000	1.800440
0.325000	1.803015
0.326000	1.805578
0.327000	1.808130
0.328000	1.810672
0.329000	1.813201
0.330000	1.815719
0.331000	1.818226
0.332000	1.820721
0.333000	1.823204
0.334000	1.825676
0.335000	1.828135
0.336000	1.830583
0.337000	1.833018
0.338000	1.835441
0.339000	1.837852
0.340000	1.840251
0.341000	1.842637
0.342000	1.845010
0.343000	1.847371
0.344000	1.849719
0.345000	1.852055
0.346000	1.854377
0.347000	1.856686
0.348000	1.858982
0.349000	1.861265
0.350000	1.863534
0.351000	1.865790
0.352000	1.868033
0.353000	1.870261
0.354000	1.872476
0.355000	1.874677
0.356000	1.876864
0.357000	1.879036
0.358000	1.881195
0.359000	1.883339
0.360000	1.885468
0.361000	1.887583
0.362000	1.889683
0.363000	1.891768
0.364000	1.893838
0.365000	1.895893
0.366000	1.897933
0.367000	1.899957
0.368000	1.901965
0.369000	1.903958
0.370000	1.905936
0.371000	1.907897
0.372000	1.909842
0.373000	1.911770
0.374000	1.913683
0.375000	1.915578
0.376000	1.917458
0.377000	1.919320
0.378000	1.921165
0.379000	1.922993
0.380000	1.924803
0.381000	1.926596
0.382000	1.928372
0.383000	1.930129
0.384000	1.931869
0.385000	1.933590
0.386000	1.935293
0.387000	1.936977
0.388000	1.938643
0.389000	1.940290
0.390000	1.941917
0.391000	1.943526
0.392000	1.945115
0.393000	1.946684
0.394000	1.948233
0.395000	1.949762
0.396000	1.951271
0.397000	1.952759
0.398000	1.954227
0.399000	1.955673
0.400000	1.957099
0.401000	1.958503
0.402000	1.959885
0.403000	1.961246
0.404000	1.962584
0.405000	1.963900
0.406000	1.965194
0.407000	1.966464
0.408000	1.967712
0.409000	1.968936
0.410000	1.970137
0.411000	1.971313
0.412000	1.972466
0.413000	1.973594
0.414000	1.974697
0.415000	1.975776
0.416000	1.976829
0.417000	1.977857
0.418000	1.978858
0.419000	1.979834
0.420000	1.980783
0.421000	1.981705
0.422000	1.982600
0.423000	1.983467
0.424000	1.984307
0.425000	1.985118
0.426000	1.985901
0.427000	1.986655
0.428000	1.987379
0.429000	1.988075
0.430000	1.988740
0.431000	1.989374
0.432000	1.989978
0.433000	1.990551
0.434000	1.991092
0.435000	1.991601
0.436000	1.992077
0.437000	1.992521
0.438000	1.992931
0.439000	1.993307
0.440000	1.993650
0.441000	1.993957
0.442000	1.994229
0.443000	1.994466
0.444000	1.994666
0.445000	1.994829
0.446000	1.994956
0.447000	1.995044
0.448000	1.995094
0.449000	1.995105
0.450000	1.995077
0.451000	1.995008
0.452000	1.994899
0.453000	1.994748
0.454000	1.994556
0.455000	1.994321
0.456000	1.994043
0.457000	1.993721
0.458000	1.993354
0.459000	1.992942
0.460000	1.992484
0.461000	1.991980
0.462000	1.991428
0.463000	1.990827
0.464000	1.990178
0.465000	1.989479
0.466000	1.988729
0.467000	1.987927
0.468000	1.987073
0.469000	1.986166
0.470000	1.985205
0.471000	1.984189
0.472000	1.983117
0.473000	1.981987
0.474000	1.980800
0.475000	1.979554
0.476000	1.978247
0.477000	1.976880
0.478000	1.975450
0.479000	1.973957
0.480000	1.972399
0.481000	1.970776
0.482000	1.969086
0.483000	1.967327
0.484000	1.965500
0.485000	1.963601
0.486000	1.961630
0.487000	1.959586
0.488000	1.957467
0.489000	1.955272
0.490000	1.952999
0.491000	1.950646
0.492000	1.948213
0.493000	1.945697
0.494000	1.943097
0.495000	1.940411
0.496000	1.937637
0.497000	1.934775
0.498000	1.931821
0.499000	1.928774
0.500000	1.925632
0.501000	1.922393
0.502000	1.919055
0.503000	1.915616
0.504000	1.912074
0.505000	1.908426
0.506000	1.904671
0.507000	1.900806
0.508000	1.896829
0.509000	1.892738
0.510000	1.888529
0.511000	1.884200
0.512000	1.879750
0.513000	1.875174
0.514000	1.870471
0.515000	1.865638
0.516000	1.860672
0.517000	1.855569
0.518000	1.850328
0.519000	1.844944
0.520000	1.839416
0.521000	1.833739
0.522000	1.827911
0.523000	1.821928
0.524000	1.815787
0.525000	1.809484
0.526000	1.803017
0.527000	1.796382
0.528000	1.789575
0.529000	1.782593
0.530000	1.775432
0.531000	1.768088
0.532000	1.760559
0.533000	1.752839
0.534000	1.744927
0.535000	1.736818
0.536000	1.728508
0.537000	1.719994
0.538000	1.711273
0.539000	1.702341
0.540000	1.693195
0.541000	1.683830
0.542000	1.674246
0.543000	1.664437
0.544000	1.654402
0.545000	1.644138
0.546000	1.633642
0.547000	1.622911
0.548000	1.611945
0.549000	1.600741
0.550000	1.589298
0.551000	1.577616
0.552000	1.565692
0.553000	1.553528
0.554000	1.541122
0.555000	1.528477
0.556000	1.515593
0.557000	1.502473
0.558000	1.489117
0.559000	1.475530
0.560000	1.461715
0.561000	1.447675
0.562000	1.433417
0.563000	1.418945
0.564000	1.404265
0.565000	1.389385
0.566000	1.374312
0.567000	1.359055
0.568000	1.343621
0.569000	1.328021
0.570000	1.312264
0.571000	1.296362
0.572000	1.280325
0.573000	1.264165
0.574000	1.247895
0.575000	1.231525
0.576000	1.215070
0.577000	1.198542
0.578000	1.181954
0.579000	1.165320
0.580000	1.148652
0.581000	1.131963
0.582000	1.115267
0.583000	1.098576
0.584000	1.081903
0.585000	1.065261
0.586000	1.048660
0.587000	1.032113
0.588000	1.015631
0.589000	0.999224
0.590000	0.982902
0.591000	0.966676
0.592000	0.950553
0.593000	0.934542
0.594000	0.918651
0.595000	0.902888
0.596000	0.887259
0.597000	0.871770
0.598000	0.856428
0.599000	0.841236
0.600000	0.826201
0.601000	0.811325
0.602000	0.796612
0.603000	0.782066
0.604000	0.767690
0.605000	0.753485
0.606000	0.739454
0.607000	0.725598
0.608000	0.711919
0.609000	0.698417
0.610000	0.685094
0.611000	0.671949
0.612000	0.658983
0.613000	0.646195
0.614000	0.633586
0.615000	0.621155
0.616000	0.608901
0.617000	0.596824
0.618000	0.584923
0.619000	0.573196
0.620000	0.561642
0.621000	0.550261
0.622000	0.539050
0.623000	0.528009
0.624000	0.517135
0.625000	0.506428
0.626000	0.495885
0.627000	0.485506
0.628000	0.475288
0.629000	0.465229
0.630000	0.455328
0.631000	0.445583
0.632000	0.435992
0.633000	0.426554
0.634000	0.417267
0.635000	0.408128
0.636000	0.399136
0.637000	0.390290
0.638000	0.381587
0.639000	0.373026
0.640000	0.364604
0.641000	0.356320
0.642000	0.348173
0.643000	0.340160
0.644000	0.332280
0.645000	0.324532
0.646000	0.316912
0.647000	0.309420
0.648000	0.302055
0.649000	0.294814
0.650000	0.287695
0.651000	0.280698
0.652000	0.273820
0.653000	0.267061
0.654000	0.260418
0.655000	0.253890
0.656000	0.247476
0.657000	0.241173
0.658000	0.234981
0.659000	0.228899
0.660000	0.222924
0.661000	0.217056
0.662000	0.211293
0.663000	0.205633
0.664000	0.200076
0.665000	0.194620
0.666000	0.189263
0.667000	0.184006
0.668000	0.178845
0.669000	0.173781
0.670000	0.168811
0.671000	0.163936
0.672000	0.159152
0.673000	0.154461
0.674000	0.149859
0.675000	0.145347
0.676000	0.140923
0.677000	0.136586
0.678000	0.132334
0.679000	0.128168
0.680000	0.124086
0.681000	0.120087
0.682000	0.116169
0.683000	0.112333
0.684000	0.108576
0.685000	0.104899
0.686000	0.101299
0.687000	0.097777
0.688000	0.094331
0.689000	0.090961
0.690000	0.087665
0.691000	0.084443
0.692000	0.081294
0.693000	0.078217
0.694000	0.075211
0.695000	0.072276
0.696000	0.069410
0.697000	0.066613
0.698000	0.063884
0.699000	0.061222
0.700000	0.058627
0.701000	0.056098
0.702000	0.053634
0.703000	0.051234
0.704000	0.048898
0.705000	0.046625
0.706000	0.044414
0.707000	0.042265
0.708000	0.040177
0.709000	0.038150
0.710000	0.036182
0.711000	0.034273
0.712000	0.032422
0.713000	0.030629
0.714000	0.028894
0.715000	0.027215
0.716000	0.025592
0.717000	0.024025
0.718000	0.022512
0.719000	0.021054
0.720000	0.019649
0.721000	0.018298
0.722000	0.016999
0.723000	0.015752
0.724000	0.014557
0.725000	0.013413
0.726000	0.012320
0.727000	0.011276
0.728000	0.010282
0.729000	0.009337
0.730000	0.008441
0.731000	0.007592
0.732000	0.006791
0.733000	0.006038
0.734000	0.005330
0.735000	0.004670
0.736000	0.004054
0.737000	0.003484
0.738000	0.002959
0.739000	0.002478
0.740000	0.002042
0.741000	0.001648
0.742000	0.001298
0.743000	0.000991
0.744000	0.000726
0.745000	0.000502
0.746000	0.000320
0.747000	0.000180
0.748000	0.000080
0.749000	0.000020
0.750000	0.000000
0.751000	0.000020
0.752000	0.000079
0.753000	0.000176
0.754000	0.000312
0.755000	0.000487
0.756000	0.000698
0.757000	0.000948
0.758000	0.001234
0.759000	0.001557
0.760000	0.001916
0.761000	0.002311
0.762000	0.002742
0.763000	0.003209
0.764000	0.003710
0.765000	0.004246
0.766000	0.004816
0.767000	0.005420
0.768000	0.006058
0.769000	0.006730
0.770000	0.007435
0.771000	0.008172
0.772000	0.008942
0.773000	0.009744
0.774000	0.010578
0.775000	0.011444
0.776000	0.012341
0.777000	0.013269
0.778000	0.014228
0.779000	0.015217
0.780000	0.016237
0.781000	0.017287
0.782000	0.018366
0.783000	0.019475
0.784000	0.020613
0.785000	0.021779
0.786000	0.022975
0.787000	0.024199
0.788000	0.025450
0.789000	0.026730
0.790000	0.028038
0.791000	0.029372
0.792000	0.030734
0.793000	0.032123
0.794000	0.033539
0.795000	0.034981
0.796000	0.036449
0.797000	0.037943
0.798000	0.039463
0.799000	0.041008
0.800000	0.042578
0.801000	0.044174
0.802000	0.045794
0.803000	0.047439
0.804000	0.049109
0.805000	0.050802
0.806000	0.052520
0.807000	0.054261
0.808000	0.056026
0.809000	0.057814
0.810000	0.059625
0.811000	0.061459
0.812000	0.063316
0.813000	0.065195
0.814000	0.067097
0.815000	0.069021
0.816000	0.070966
0.817000	0.072934
0.818000	0.074923
0.819000	0.076933
0.820000	0.078964
0.821000	0.081017
0.822000	0.083090
0.823000	0.085184
0.824000	0.087298
0.825000	0.089432
0.826000	0.091587
0.827000	0.093761
0.828000	0.095955
0.829000	0.098169
0.830000	0.100402
0.831000	0.102654
0.832000	0.104925
0.833000	0.107215
0.834000	0.109523
0.835000	0.111851
0.836000	0.114196
0.837000	0.116560
0.838000	0.118942
0.839000	0.121341
0.840000	0.123758
0.841000	0.126193
0.842000	0.128645
0.843000	0.131115
0.844000	0.133601
0.845000	0.136105
0.846000	0.138625
0.847000	0.141162
0.848000	0.143715
0.849000	0.146285
0.850000	0.148871
0.851000	0.151473
0.852000	0.154091
0.853000	0.156724
0.854000	0.159373
0.855000	0.162038
0.856000	0.164718
0.857000	0.167413
0.858000	0.170123
0.859000	0.172848
0.860000	0.175588
0.861000	0.178342
0.862000	0.181111
0.863000	0.183894
0.864000	0.186692
0.865000	0.189504
0.866000	0.192329
0.867000	0.195169
0.868000	0.198022
0.869000	0.200889
0.870000	0.203769
0.871000	0.206663
0.872000	0.209570
0.873000	0.212490
0.874000	0.215423
0.875000	0.218369
0.876000	0.221327
0.877000	0.224298
0.878000	0.227282
0.879000	0.230278
0.880000	0.233286
0.881000	0.236307
0.882000	0.239339
0.883000	0.242384
0.884000	0.245440
0.885000	0.248508
0.886000	0.251587
0.887000	0.254678
0.888000	0.257781
0.889000	0.260894
0.890000	0.264019
0.891000	0.267155
0.892000	0.270302
0.893000	0.273459
0.894000	0.276627
0.895000	0.279806
0.896000	0.282995
0.897000	0.286195
0.898000	0.289405
0.899000	0.292625
0.900000	0.295856
0.901000	0.299096
0.902000	0.302346
0.903000	0.305606
0.904000	0.308876
0.905000	0.312155
0.906000	0.315444
0.907000	0.318742
0.908000	0.322050
0.909000	0.325367
0.910000	0.328693
0.911000	0.332027
0.912000	0.335371
0.913000	0.338724
0.914000	0.342085
0.915000	0.345455
0.916000	0.348834
0.917000	0.352221
0.918000	0.355617
0.919000	0.359021
0.920000	0.362433
0.921000	0.365853
0.922000	0.369281
0.923000	0.372717
0.924000	0.376161
0.925000	0.379613
0.926000	0.383072
0.927000	0.386539
0.928000	0.390014
0.929000	0.393496
0.930000	0.396985
0.931000	0.400482
0.932000	0.403986
0.933000	0.407497
0.934000	0.411015
0.935000	0.414540
0.936000	0.418071
0.937000	0.421610
0.938000	0.425155
0.939000	0.428707
0.940000	0.432266
0.941000	0.435831
0.942000	0.439402
0.943000	0.442980
0.944000	0.446564
0.945000	0.450154
0.946000	0.453750
0.947000	0.457353
0.948000	0.460961
0.949000	0.464575
0.950000	0.468195
0.951000	0.471820
0.952000	0.475452
0.953000	0.479089
0.954000	0.482731
0.955000	0.486379
0.956000	0.490032
0.957000	0.493691
0.958000	0.497355
0.959000	0.501024
0.960000	0.504698
0.961000	0.508377
0.962000	0.512061
0.963000	0.515750
0.964000	0.519444
0.965000	0.523142
0.966000	0.526845
0.967000	0.530553
0.968000	0.534266
0.969000	0.537983
0.970000	0.541704
0.971000	0.545430
0.972000	0.549160
0.973000	0.552894
0.974000	0.556633
0.975000	0.560376
0.976000	0.564122
0.977000	0.567873
0.978000	0.571628
0.979000	0.575386
0.980000	0.579148
0.981000	0.582914
0.982000	0.586684
0.983000	0.590458
0.984000	0.594235
0.985000	0.598015
0.986000	0.601799
0.987000	0.605586
0.988000	0.609377
0.989000	0.613171
0.990000	0.616968
0.991000	0.620768
0.992000	0.624572
0.993000	0.628378
0.994000	0.632188
0.995000	0.636000
0.996000	0.639815
0.997000	0.643633
0.998000	0.647454
0.999000	0.651278
