0.000000	1.568956
0.001000	1.563957
0.002000	1.558936
0.003000	1.553893
0.004000	1.548828
0.005000	1.543741
0.006000	1.538633
0.007000	1.533504
0.008000	1.528354
0.009000	1.523182
0.010000	1.517991
0.011000	1.512778
0.012000	1.507546
0.013000	1.502293
0.014000	1.497021
0.015000	1.491729
0.016000	1.486417
0.017000	1.481086
0.018000	1.475737
0.019000	1.470368
0.020000	1.464981
0.021000	1.459576
0.022000	1.454152
0.023000	1.448711
0.024000	1.443252
0.025000	1.437775
0.026000	1.432281
0.027000	1.426770
0.028000	1.421242
0.029000	1.415698
0.030000	1.410137
0.031000	1.404560
0.032000	1.398967
0.033000	1.393358
0.034000	1.387734
0.035000	1.382094
0.036000	1.376439
0.037000	1.370770
0.038000	1.365086
0.039000	1.359387
0.040000	1.353674
0.041000	1.347947
0.042000	1.342207
0.043000	1.336453
0.044000	1.330685
0.045000	1.324905
0.046000	1.319112
0.047000	1.313306
0.048000	1.307488
0.049000	1.301658
0.050000	1.295815
0.051000	1.289961
0.052000	1.284096
0.053000	1.278220
0.054000	1.272332
0.055000	1.266434
0.056000	1.260525
0.057000	1.254606
0.058000	1.248677
0.059000	1.242738
0.060000	1.236789
0.061000	1.230831
0.062000	1.224864
0.063000	1.218888
0.064000	1.212904
0.065000	1.206911
0.066000	1.200910
0.067000	1.194901
0.068000	1.188884
0.069000	1.182860
0.070000	1.176828
0.071000	1.170790
0.072000	1.164745
0.073000	1.158693
0.074000	1.152635
0.075000	1.146571
0.076000	1.140502
0.077000	1.134427
0.078000	1.128346
0.079000	1.122260
0.080000	1.116170
0.081000	1.110075
0.082000	1.103975
0.083000	1.097872
0.084000	1.091765
0.085000	1.085654
0.086000	1.079539
0.087000	1.073422
0.088000	1.067301
0.089000	1.061178
0.090000	1.055053
0.091000	1.048925
0.092000	1.042796
0.093000	1.036664
0.094000	1.030532
0.095000	1.024398
0.096000	1.018263
0.097000	1.012127
0.098000	1.005991
0.099000	0.999855
0.100000	0.993719
0.101000	0.987583
0.102000	0.981447
0.103000	0.975312
0.104000	0.969178
0.105000	0.963046
0.106000	0.956914
0.107000	0.950785
0.108000	0.944657
0.109000	0.938532
0.110000	0.932409
0.111000	0.926289
0.112000	0.920171
0.113000	0.914057
0.114000	0.907946
0.115000	0.901839
0.116000	0.895736
0.117000	0.889637
0.118000	0.883542
0.119000	0.877452
0.120000	0.871366
0.121000	0.865286
0.122000	0.859211
0.123000	0.853142
0.124000	0.847078
0.125000	0.841020
0.126000	0.834969
0.127000	0.828924
0.128000	0.822886
0.129000	0.816855
0.130000	0.810831
0.131000	0.804815
0.132000	0.798806
0.133000	0.792806
0.134000	0.786813
0.135000	0.780829
0.136000	0.774853
0.137000	0.768887
0.138000	0.762929
0.139000	0.756981
0.140000	0.751043
0.141000	0.745114
0.142000	0.739195
0.143000	0.733287
0.144000	0.727389
0.145000	0.721502
0.146000	0.715626
0.147000	0.709761
0.148000	0.703908
0.149000	0.698066
0.150000	0.692237
0.151000	0.686419
0.152000	0.680614
0.153000	0.674821
0.154000	0.669042
0.155000	0.663275
0.156000	0.657521
0.157000	0.651782
0.158000	0.646055
0.159000	0.640343
0.160000	0.634645
0.161000	0.628962
0.162000	0.623293
0.163000	0.617639
0.164000	0.612000
0.165000	0.606376
0.166000	0.600768
0.167000	0.595176
0.168000	0.589600
0.169000	0.584040
0.170000	0.578496
0.171000	0.572969
0.172000	0.567459
0.173000	0.561965
0.174000	0.556490
0.175000	0.551031
0.176000	0.545591
0.177000	0.540168
0.178000	0.534764
0.179000	0.529377
0.180000	0.524010
0.181000	0.518661
0.182000	0.513331
0.183000	0.508021
0.184000	0.502730
0.185000	0.497458
0.186000	0.492206
0.187000	0.486975
0.188000	0.481763
0.189000	0.476573
0.190000	0.471402
0.191000	0.466253
0.192000	0.461125
0.193000	0.456018
0.194000	0.450932
0.195000	0.445868
0.196000	0.440826
0.197000	0.435806
0.198000	0.430809
0.199000	0.425833
0.200000	0.420881
0.201000	0.415951
0.202000	0.411045
0.203000	0.406161
0.204000	0.401301
0.205000	0.396465
0.206000	0.391653
0.207000	0.386864
0.208000	0.382100
0.209000	0.377360
0.210000	0.372645
0.211000	0.367955
0.212000	0.363289
0.213000	0.358649
0.214000	0.354034
0.215000	0.349444
0.216000	0.344880
0.217000	0.340342
0.218000	0.335830
0.219000	0.331344
0.220000	0.326885
0.221000	0.322452
0.222000	0.318046
0.223000	0.313667
0.224000	0.309315
0.225000	0.304990
0.226000	0.300693
0.227000	0.296423
0.228000	0.292181
0.229000	0.287967
0.230000	0.283782
0.231000	0.279624
0.232000	0.275495
0.233000	0.271394
0.234000	0.267322
0.235000	0.263280
0.236000	0.259266
0.237000	0.255281
0.238000	0.251326
0.239000	0.247401
0.240000	0.243505
0.241000	0.239639
0.242000	0.235803
0.243000	0.231997
0.244000	0.228221
0.245000	0.224476
0.246000	0.220762
0.247000	0.217078
0.248000	0.213425
0.249000	0.209804
0.250000	0.206213
0.251000	0.202654
0.252000	0.199126
0.253000	0.195630
0.254000	0.192166
0.255000	0.188734
0.256000	0.185333
0.257000	0.181965
0.258000	0.178629
0.259000	0.175326
0.260000	0.172055
0.261000	0.168816
0.262000	0.165611
0.263000	0.162438
0.264000	0.159299
0.265000	0.156193
0.266000	0.153120
0.267000	0.150080
0.268000	0.147074
0.269000	0.144102
0.270000	0.141163
0.271000	0.138259
0.272000	0.135388
0.273000	0.132552
0.274000	0.129750
0.275000	0.126982
0.276000	0.124248
0.277000	0.121550
0.278000	0.118886
0.279000	0.116256
0.280000	0.113662
0.281000	0.111102
0.282000	0.108578
0.283000	0.106089
0.284000	0.103635
0.285000	0.101216
0.286000	0.098833
0.287000	0.096486
0.288000	0.094174
0.289000	0.091898
0.290000	0.089658
0.291000	0.087454
0.292000	0.085286
0.293000	0.083154
0.294000	0.081058
0.295000	0.078998
0.296000	0.076975
0.297000	0.074988
0.298000	0.073038
0.299000	0.071124
0.300000	0.069247
0.301000	0.067407
0.302000	0.065603
0.303000	0.063837
0.304000	0.062107
0.305000	0.060415
0.306000	0.058759
0.307000	0.057141
0.308000	0.055560
0.309000	0.054016
0.310000	0.052509
0.311000	0.051040
0.312000	0.049609
0.313000	0.048214
0.314000	0.046858
0.315000	0.045539
0.316000	0.044258
0.317000	0.043014
0.318000	0.041809
0.319000	0.040641
0.320000	0.039511
0.321000	0.038419
0.322000	0.037365
0.323000	0.036349
0.324000	0.035370
0.325000	0.034430
0.326000	0.033529
0.327000	0.032665
0.328000	0.031839
0.329000	0.031052
0.330000	0.030303
0.331000	0.029592
0.332000	0.028920
0.333000	0.028286
0.334000	0.027690
0.335000	0.027132
0.336000	0.026614
0.337000	0.026133
0.338000	0.025691
0.339000	0.025287
0.340000	0.024922
0.341000	0.024595
0.342000	0.024307
0.343000	0.024058
0.344000	0.023847
0.345000	0.023674
0.346000	0.023540
0.347000	0.023444
0.348000	0.023388
0.349000	0.023369
0.350000	0.023389
0.351000	0.023448
0.352000	0.023545
0.353000	0.023681
0.354000	0.023856
0.355000	0.024069
0.356000	0.024320
0.357000	0.024610
0.358000	0.024938
0.359000	0.025305
0.360000	0.025711
0.361000	0.026155
0.362000	0.026637
0.363000	0.027158
0.364000	0.027717
0.365000	0.028315
0.366000	0.028951
0.367000	0.029625
0.368000	0.030338
0.369000	0.031088
0.370000	0.031878
0.371000	0.032705
0.372000	0.033570
0.373000	0.034474
0.374000	0.035416
0.375000	0.036396
0.376000	0.037414
0.377000	0.038470
0.378000	0.039563
0.379000	0.040695
0.380000	0.041865
0.381000	0.043072
0.382000	0.044318
0.383000	0.045601
0.384000	0.046921
0.385000	0.048280
0.386000	0.049675
0.387000	0.051109
0.388000	0.052580
0.389000	0.054088
0.390000	0.055634
0.391000	0.057216
0.392000	0.058836
0.393000	0.060494
0.394000	0.062188
0.395000	0.063919
0.396000	0.065688
0.397000	0.067493
0.398000	0.069335
0.399000	0.071214
0.400000	0.073129
0.401000	0.075081
0.402000	0.077070
0.403000	0.079095
0.404000	0.081156
0.405000	0.083254
0.406000	0.085387
0.407000	0.087557
0.408000	0.089763
0.409000	0.092005
0.410000	0.094283
0.411000	0.096596
0.412000	0.098945
0.413000	0.101330
0.414000	0.103750
0.415000	0.106206
0.416000	0.108697
0.417000	0.111223
0.418000	0.113784
0.419000	0.116380
0.420000	0.119011
0.421000	0.121677
0.422000	0.124377
0.423000	0.127112
0.424000	0.129881
0.425000	0.132685
0.426000	0.135523
0.427000	0.138395
0.428000	0.141302
0.429000	0.144242
0.430000	0.147216
0.431000	0.150223
0.432000	0.153264
0.433000	0.156339
0.434000	0.159447
0.435000	0.162588
0.436000	0.165762
0.437000	0.168969
0.438000	0.172209
0.439000	0.175481
0.440000	0.178786
0.441000	0.182124
0.442000	0.185493
0.443000	0.188895
0.444000	0.192329
0.445000	0.195795
0.446000	0.199293
0.447000	0.202822
0.448000	0.206382
0.449000	0.209974
0.450000	0.213598
0.451000	0.217252
0.452000	0.220937
0.453000	0.224653
0.454000	0.228399
0.455000	0.232176
0.456000	0.235983
0.457000	0.239821
0.458000	0.243688
0.459000	0.247585
0.460000	0.251512
0.461000	0.255469
0.462000	0.259455
0.463000	0.263470
0.464000	0.267514
0.465000	0.271587
0.466000	0.275689
0.467000	0.279820
0.468000	0.283979
0.469000	0.288166
0.470000	0.292381
0.471000	0.296624
0.472000	0.300895
0.473000	0.305194
0.474000	0.309520
0.475000	0.313873
0.476000	0.318253
0.477000	0.322661
0.478000	0.327095
0.479000	0.331555
0.480000	0.336042
0.481000	0.340555
0.482000	0.345094
0.483000	0.349659
0.484000	0.354250
0.485000	0.358866
0.486000	0.363507
0.487000	0.368174
0.488000	0.372865
0.489000	0.377581
0.490000	0.382322
0.491000	0.387087
0.492000	0.391876
0.493000	0.396689
0.494000	0.401526
0.495000	0.406387
0.496000	0.411270
0.497000	0.416177
0.498000	0.421107
0.499000	0.426060
0.500000	0.431036
0.501000	0.436033
0.502000	0.441053
0.503000	0.446095
0.504000	0.451159
0.505000	0.456244
0.506000	0.461351
0.507000	0.466478
0.508000	0.471627
0.509000	0.476796
0.510000	0.481986
0.511000	0.487196
0.512000	0.492426
0.513000	0.497676
0.514000	0.502945
0.515000	0.508234
0.516000	0.513542
0.517000	0.518869
0.518000	0.524215
0.519000	0.529579
0.520000	0.534962
0.521000	0.540362
0.522000	0.545780
0.523000	0.551216
0.524000	0.556669
0.525000	0.562139
0.526000	0.567626
0.527000	0.573130
0.528000	0.578650
0.529000	0.584186
0.530000	0.589738
0.531000	0.595305
0.532000	0.600888
0.533000	0.606486
0.534000	0.612099
0.535000	0.617726
0.536000	0.623368
0.537000	0.629024
0.538000	0.634694
0.539000	0.640378
0.540000	0.646074
0.541000	0.651784
0.542000	0.657507
0.543000	0.663243
0.544000	0.668990
0.545000	0.674750
0.546000	0.680522
0.547000	0.686305
0.548000	0.692099
0.549000	0.697905
0.550000	0.703722
0.551000	0.709549
0.552000	0.715386
0.553000	0.721233
0.554000	0.727090
0.555000	0.732957
0.556000	0.738833
0.557000	0.744718
0.558000	0.750612
0.559000	0.756515
0.560000	0.762425
0.561000	0.768344
0.562000	0.774271
0.563000	0.780205
0.564000	0.786147
0.565000	0.792096
0.566000	0.798052
0.567000	0.804014
0.568000	0.809983
0.569000	0.815958
0.570000	0.821939
0.571000	0.827926
0.572000	0.833918
0.573000	0.839916
0.574000	0.845919
0.575000	0.851927
0.576000	0.857939
0.577000	0.863956
0.578000	0.869977
0.579000	0.876003
0.580000	0.882032
0.581000	0.888065
0.582000	0.894101
0.583000	0.900141
0.584000	0.906184
0.585000	0.912229
0.586000	0.918278
0.587000	0.924329
0.588000	0.930382
0.589000	0.936437
0.590000	0.942495
0.591000	0.948554
0.592000	0.954615
0.593000	0.960677
0.594000	0.966741
0.595000	0.972805
0.596000	0.978871
0.597000	0.984937
0.598000	0.991003
0.599000	0.997070
0.600000	1.003138
0.601000	1.009205
0.602000	1.015272
0.603000	1.021339
0.604000	1.027405
0.605000	1.033470
0.606000	1.039535
0.607000	1.045598
0.608000	1.051660
0.609000	1.057721
0.610000	1.063780
0.611000	1.069837
0.612000	1.075892
0.613000	1.081945
0.614000	1.087995
0.615000	1.094043
0.616000	1.100088
0.617000	1.106130
0.618000	1.112169
0.619000	1.118204
0.620000	1.124235
0.621000	1.130263
0.622000	1.136287
0.623000	1.142307
0.624000	1.148322
0.625000	1.154332
0.626000	1.160337
0.627000	1.166337
0.628000	1.172332
0.629000	1.178322
0.630000	1.184305
0.631000	1.190282
0.632000	1.196253
0.633000	1.202218
0.634000	1.208176
0.635000	1.214127
0.636000	1.220070
0.637000	1.226007
0.638000	1.231935
0.639000	1.237856
0.640000	1.243768
0.641000	1.249672
0.642000	1.255567
0.643000	1.261453
0.644000	1.267330
0.645000	1.273198
0.646000	1.279056
0.647000	1.284904
0.648000	1.290742
0.649000	1.296569
0.650000	1.302386
0.651000	1.308191
0.652000	1.313986
0.653000	1.319769
0.654000	1.325541
0.655000	1.331300
0.656000	1.337047
0.657000	1.342782
0.658000	1.348504
0.659000	1.354214
0.660000	1.359910
0.661000	1.365592
0.662000	1.371261
0.663000	1.376916
0.664000	1.382556
0.665000	1.388183
0.666000	1.393794
0.667000	1.399391
0.668000	1.404972
0.669000	1.410538
0.670000	1.416089
0.671000	1.421623
0.672000	1.427141
0.673000	1.432643
0.674000	1.438128
0.675000	1.443597
0.676000	1.449048
0.677000	1.454482
0.678000	1.459899
0.679000	1.465297
0.680000	1.470678
0.681000	1.476040
0.682000	1.481384
0.683000	1.486709
0.684000	1.492015
0.685000	1.497302
0.686000	1.502570
0.687000	1.507818
0.688000	1.513046
0.689000	1.518254
0.690000	1.523442
0.691000	1.528610
0.692000	1.533756
0.693000	1.538882
0.694000	1.543987
0.695000	1.549070
0.696000	1.554132
0.697000	1.559172
0.698000	1.564190
0.699000	1.569186
0.700000	1.574160
0.701000	1.579111
0.702000	1.584039
0.703000	1.588945
0.704000	1.593827
0.705000	1.598686
0.706000	1.603521
0.707000	1.608332
0.708000	1.613120
0.709000	1.617883
0.710000	1.622622
0.711000	1.627337
0.712000	1.632026
0.713000	1.636691
0.714000	1.641331
0.715000	1.645945
0.716000	1.650534
0.717000	1.655098
0.718000	1.659635
0.719000	1.664147
0.720000	1.668632
0.721000	1.673091
0.722000	1.677523
0.723000	1.681929
0.724000	1.686308
0.725000	1.690659
0.726000	1.694984
0.727000	1.699281
0.728000	1.703550
0.729000	1.707792
0.730000	1.712006
0.731000	1.716191
0.732000	1.720349
0.733000	1.724478
0.734000	1.728578
0.735000	1.732649
0.736000	1.736692
0.737000	1.740706
0.738000	1.744690
0.739000	1.748645
0.740000	1.752570
0.741000	1.756466
0.742000	1.760332
0.743000	1.764168
0.744000	1.767973
0.745000	1.771749
0.746000	1.775493
0.747000	1.779208
0.748000	1.782891
0.749000	1.786544
0.750000	1.790165
0.751000	1.793756
0.752000	1.797315
0.753000	1.800842
0.754000	1.804338
0.755000	1.807802
0.756000	1.811235
0.757000	1.814635
0.758000	1.818003
0.759000	1.821339
0.760000	1.824642
0.761000	1.827913
0.762000	1.831151
0.763000	1.834356
0.764000	1.837529
0.765000	1.840668
0.766000	1.843774
0.767000	1.846847
0.768000	1.849886
0.769000	1.852892
0.770000	1.855864
0.771000	1.858803
0.772000	1.861707
0.773000	1.864578
0.774000	1.867414
0.775000	1.870216
0.776000	1.872984
0.777000	1.875717
0.778000	1.878416
0.779000	1.881080
0.780000	1.883709
0.781000	1.886303
0.782000	1.888863
0.783000	1.891387
0.784000	1.893876
0.785000	1.896330
0.786000	1.898748
0.787000	1.901131
0.788000	1.903478
0.789000	1.905790
0.790000	1.908066
0.791000	1.910306
0.792000	1.912510
0.793000	1.914678
0.794000	1.916810
0.795000	1.918906
0.796000	1.920966
0.797000	1.922989
0.798000	1.924976
0.799000	1.926926
0.800000	1.928839
0.801000	1.930716
0.802000	1.932556
0.803000	1.934360
0.804000	1.936126
0.805000	1.937856
0.806000	1.939548
0.807000	1.941204
0.808000	1.942822
0.809000	1.944403
0.810000	1.945947
0.811000	1.947453
0.812000	1.948922
0.813000	1.950354
0.814000	1.951748
0.815000	1.953104
0.816000	1.954423
0.817000	1.955704
0.818000	1.956948
0.819000	1.958154
0.820000	1.959321
0.821000	1.960451
0.822000	1.961543
0.823000	1.962597
0.824000	1.963613
0.825000	1.964592
0.826000	1.965531
0.827000	1.966433
0.828000	1.967297
0.829000	1.968122
0.830000	1.968910
0.831000	1.969659
0.832000	1.970370
0.833000	1.971042
0.834000	1.971676
0.835000	1.972272
0.836000	1.972829
0.837000	1.973348
0.838000	1.973829
0.839000	1.974271
0.840000	1.974674
0.841000	1.975039
0.842000	1.975366
0.843000	1.975654
0.844000	1.975904
0.845000	1.976115
0.846000	1.976287
0.847000	1.976422
0.848000	1.976517
0.849000	1.976574
0.850000	1.976592
0.851000	1.976572
0.852000	1.976513
0.853000	1.976416
0.854000	1.976280
0.855000	1.976106
0.856000	1.975893
0.857000	1.975641
0.858000	1.975351
0.859000	1.975023
0.860000	1.974656
0.861000	1.974251
0.862000	1.973807
0.863000	1.973324
0.864000	1.972804
0.865000	1.972244
0.866000	1.971647
0.867000	1.971011
0.868000	1.970337
0.869000	1.969624
0.870000	1.968873
0.871000	1.968084
0.872000	1.967257
0.873000	1.966391
0.874000	1.965488
0.875000	1.964546
0.876000	1.963566
0.877000	1.962548
0.878000	1.961492
0.879000	1.960399
0.880000	1.959267
0.881000	1.958097
0.882000	1.956890
0.883000	1.955645
0.884000	1.954362
0.885000	1.953041
0.886000	1.951683
0.887000	1.950287
0.888000	1.948854
0.889000	1.947383
0.890000	1.945875
0.891000	1.944329
0.892000	1.942746
0.893000	1.941126
0.894000	1.939469
0.895000	1.937775
0.896000	1.936044
0.897000	1.934275
0.898000	1.932470
0.899000	1.930628
0.900000	1.928750
0.901000	1.926834
0.902000	1.924882
0.903000	1.922894
0.904000	1.920869
0.905000	1.918808
0.906000	1.916710
0.907000	1.914576
0.908000	1.912407
0.909000	1.910201
0.910000	1.907959
0.911000	1.905681
0.912000	1.903368
0.913000	1.901019
0.914000	1.898634
0.915000	1.896214
0.916000	1.893759
0.917000	1.891268
0.918000	1.888742
0.919000	1.886181
0.920000	1.883585
0.921000	1.880954
0.922000	1.878289
0.923000	1.875588
0.924000	1.872853
0.925000	1.870084
0.926000	1.867280
0.927000	1.864442
0.928000	1.861570
0.929000	1.858664
0.930000	1.855724
0.931000	1.852751
0.932000	1.849743
0.933000	1.846702
0.934000	1.843628
0.935000	1.840520
0.936000	1.837379
0.937000	1.834205
0.938000	1.830998
0.939000	1.827759
0.940000	1.824486
0.941000	1.821181
0.942000	1.817844
0.943000	1.814474
0.944000	1.811073
0.945000	1.807639
0.946000	1.804173
0.947000	1.800676
0.948000	1.797147
0.949000	1.793586
0.950000	1.789994
0.951000	1.786371
0.952000	1.782717
0.953000	1.779032
0.954000	1.775317
0.955000	1.771570
0.956000	1.767793
0.957000	1.763986
0.958000	1.760149
0.959000	1.756282
0.960000	1.752385
0.961000	1.748458
0.962000	1.744501
0.963000	1.740516
0.964000	1.736501
0.965000	1.732457
0.966000	1.728384
0.967000	1.724282
0.968000	1.720151
0.969000	1.715993
0.970000	1.711806
0.971000	1.707590
0.972000	1.703347
0.973000	1.699077
0.974000	1.694778
0.975000	1.690452
0.976000	1.686099
0.977000	1.681719
0.978000	1.677312
0.979000	1.672878
0.980000	1.668417
0.981000	1.663931
0.982000	1.659418
0.983000	1.654879
0.984000	1.650314
0.985000	1.645723
0.986000	1.641107
0.987000	1.636466
0.988000	1.631799
0.989000	1.627108
0.990000	1.622391
0.991000	1.617651
0.992000	1.612885
0.993000	1.608096
0.994000	1.603283
0.995000	1.598445
0.996000	1.593585
0.997000	1.588700
0.998000	1.583793
0.999000	1.578862
