0.000000	1.923448
0.001000	1.925273
0.002000	1.927062
0.003000	1.928815
0.004000	1.930530
0.005000	1.932209
0.006000	1.933852
0.007000	1.935457
0.008000	1.937025
0.009000	1.938557
0.010000	1.940051
0.011000	1.941508
0.012000	1.942928
0.013000	1.944311
0.014000	1.945657
0.015000	1.946965
0.016000	1.948236
0.017000	1.949469
0.018000	1.950665
0.019000	1.951824
0.020000	1.952944
0.021000	1.954028
0.022000	1.955073
0.023000	1.956081
0.024000	1.957051
0.025000	1.957983
0.026000	1.958878
0.027000	1.959734
0.028000	1.960553
0.029000	1.961334
0.030000	1.962077
0.031000	1.962782
0.032000	1.963449
0.033000	1.964077
0.034000	1.964668
0.035000	1.965221
0.036000	1.965735
0.037000	1.966212
0.038000	1.966650
0.039000	1.967050
0.040000	1.967412
0.041000	1.967736
0.042000	1.968022
0.043000	1.968269
0.044000	1.968478
0.045000	1.968649
0.046000	1.968782
0.047000	1.968876
0.048000	1.968932
0.049000	1.968950
0.050000	1.968930
0.051000	1.968871
0.052000	1.968775
0.053000	1.968640
0.054000	1.968466
0.055000	1.968255
0.056000	1.968005
0.057000	1.967717
0.058000	1.967391
0.059000	1.967026
0.060000	1.966624
0.061000	1.966183
0.062000	1.965704
0.063000	1.965187
0.064000	1.964632
0.065000	1.964039
0.066000	1.963408
0.067000	1.962738
0.068000	1.962031
0.069000	1.961286
0.070000	1.960503
0.071000	1.959681
0.072000	1.958822
0.073000	1.957926
0.074000	1.956991
0.075000	1.956018
0.076000	1.955008
0.077000	1.953960
0.078000	1.952875
0.079000	1.951752
0.080000	1.950591
0.081000	1.949393
0.082000	1.948157
0.083000	1.946884
0.084000	1.945573
0.085000	1.944225
0.086000	1.942840
0.087000	1.941417
0.088000	1.939958
0.089000	1.938461
0.090000	1.936927
0.091000	1.935357
0.092000	1.933749
0.093000	1.932105
0.094000	1.930423
0.095000	1.928705
0.096000	1.926951
0.097000	1.925159
0.098000	1.923331
0.099000	1.921467
0.100000	1.919567
0.101000	1.917630
0.102000	1.915656
0.103000	1.913647
0.104000	1.911602
0.105000	1.909520
0.106000	1.907403
0.107000	1.905250
0.108000	1.903061
0.109000	1.900837
0.110000	1.898576
0.111000	1.896281
0.112000	1.893950
0.113000	1.891584
0.114000	1.889182
0.115000	1.886746
0.116000	1.884274
0.117000	1.881768
0.118000	1.879227
0.119000	1.876651
0.120000	1.874040
0.121000	1.871395
0.122000	1.868716
0.123000	1.866002
0.124000	1.863254
0.125000	1.860472
0.126000	1.857656
0.127000	1.854806
0.128000	1.851922
0.129000	1.849005
0.130000	1.846054
0.131000	1.843070
0.132000	1.840053
0.133000	1.837002
0.134000	1.833919
0.135000	1.830802
0.136000	1.827653
0.137000	1.824471
0.138000	1.821256
0.139000	1.818009
0.140000	1.814730
0.141000	1.811418
0.142000	1.808075
0.143000	1.804699
0.144000	1.801292
0.145000	1.797853
0.146000	1.794383
0.147000	1.790881
0.148000	1.787348
0.149000	1.783784
0.150000	1.780189
0.151000	1.776564
0.152000	1.772907
0.153000	1.769221
0.154000	1.765503
0.155000	1.761756
0.156000	1.757978
0.157000	1.754171
0.158000	1.750334
0.159000	1.746467
0.160000	1.742570
0.161000	1.738645
0.162000	1.734690
0.163000	1.730706
0.164000	1.726693
0.165000	1.722652
0.166000	1.718582
0.167000	1.714484
0.168000	1.710357
0.169000	1.706203
0.170000	1.702021
0.171000	1.697810
0.172000	1.693573
0.173000	1.689308
0.174000	1.685016
0.175000	1.680696
0.176000	1.676350
0.177000	1.671977
0.178000	1.667578
0.179000	1.663152
0.180000	1.658700
0.181000	1.654222
0.182000	1.649719
0.183000	1.645189
0.184000	1.640634
0.185000	1.636054
0.186000	1.631449
0.187000	1.626819
0.188000	1.622164
0.189000	1.617484
0.190000	1.612780
0.191000	1.608052
0.192000	1.603300
0.193000	1.598524
0.194000	1.593725
0.195000	1.588902
0.196000	1.584056
0.197000	1.579186
0.198000	1.574294
0.199000	1.569379
0.200000	1.564442
0.201000	1.559483
0.202000	1.554501
0.203000	1.549497
0.204000	1.544472
0.205000	1.539425
0.206000	1.534357
0.207000	1.529268
0.208000	1.524158
0.209000	1.519027
0.210000	1.513876
0.211000	1.508705
0.212000	1.503513
0.213000	1.498302
0.214000	1.493071
0.215000	1.487820
0.216000	1.482550
0.217000	1.477261
0.218000	1.471953
0.219000	1.466627
0.220000	1.461282
0.221000	1.455919
0.222000	1.450538
0.223000	1.445140
0.224000	1.439723
0.225000	1.434289
0.226000	1.428839
0.227000	1.423371
0.228000	1.417886
0.229000	1.412385
0.230000	1.406868
0.231000	1.401335
0.232000	1.395785
0.233000	1.390221
0.234000	1.384640
0.235000	1.379045
0.236000	1.373435
0.237000	1.367809
0.238000	1.362170
0.239000	1.356516
0.240000	1.350848
0.241000	1.345166
0.242000	1.339471
0.243000	1.333762
0.244000	1.328040
0.245000	1.322305
0.246000	1.316557
0.247000	1.310797
0.248000	1.305024
0.249000	1.299239
0.250000	1.293443
0.251000	1.287635
0.252000	1.281816
0.253000	1.275985
0.254000	1.270144
0.255000	1.264292
0.256000	1.258430
0.257000	1.252557
0.258000	1.246674
0.259000	1.240782
0.260000	1.234880
0.261000	1.228969
0.262000	1.223049
0.263000	1.217120
0.264000	1.211183
0.265000	1.205237
0.266000	1.199283
0.267000	1.193321
0.268000	1.187351
0.269000	1.181375
0.270000	1.175391
0.271000	1.169400
0.272000	1.163402
0.273000	1.157398
0.274000	1.151388
0.275000	1.145371
0.276000	1.139349
0.277000	1.133322
0.278000	1.127289
0.279000	1.121251
0.280000	1.115209
0.281000	1.109161
0.282000	1.103110
0.283000	1.097054
0.284000	1.090995
0.285000	1.084932
0.286000	1.078866
0.287000	1.072796
0.288000	1.066724
0.289000	1.060649
0.290000	1.054572
0.291000	1.048492
0.292000	1.042411
0.293000	1.036328
0.294000	1.030244
0.295000	1.024158
0.296000	1.018071
0.297000	1.011984
0.298000	1.005896
0.299000	0.999808
0.300000	0.993720
0.301000	0.987632
0.302000	0.981545
0.303000	0.975458
0.304000	0.969373
0.305000	0.963288
0.306000	0.957205
0.307000	0.951124
0.308000	0.945045
0.309000	0.938967
0.310000	0.932893
0.311000	0.926821
0.312000	0.920751
0.313000	0.914685
0.314000	0.908623
0.315000	0.902563
0.316000	0.896508
0.317000	0.890457
0.318000	0.884410
0.319000	0.878368
0.320000	0.872330
0.321000	0.866298
0.322000	0.860271
0.323000	0.854249
0.324000	0.848233
0.325000	0.842223
0.326000	0.836220
0.327000	0.830222
0.328000	0.824232
0.329000	0.818248
0.330000	0.812272
0.331000	0.806303
0.332000	0.800341
0.333000	0.794388
0.334000	0.788443
0.335000	0.782506
0.336000	0.776577
0.337000	0.770658
0.338000	0.764747
0.339000	0.758846
0.340000	0.752954
0.341000	0.747072
0.342000	0.741200
0.343000	0.735338
0.344000	0.729487
0.345000	0.723646
0.346000	0.717817
0.347000	0.711998
0.348000	0.706191
0.349000	0.700395
0.350000	0.694611
0.351000	0.688840
0.352000	0.683080
0.353000	0.677333
0.354000	0.671599
0.355000	0.665878
0.356000	0.660170
0.357000	0.654475
0.358000	0.648794
0.359000	0.643127
0.360000	0.637474
0.361000	0.631835
0.362000	0.626211
0.363000	0.620602
0.364000	0.615007
0.365000	0.609428
0.366000	0.603864
0.367000	0.598316
0.368000	0.592784
0.369000	0.587267
0.370000	0.581767
0.371000	0.576284
0.372000	0.570817
0.373000	0.565367
0.374000	0.559935
0.375000	0.554519
0.376000	0.549122
0.377000	0.543742
0.378000	0.538380
0.379000	0.533036
0.380000	0.527711
0.381000	0.522405
0.382000	0.517117
0.383000	0.511848
0.384000	0.506599
0.385000	0.501369
0.386000	0.496159
0.387000	0.490968
0.388000	0.485798
0.389000	0.480648
0.390000	0.475519
0.391000	0.470410
0.392000	0.465322
0.393000	0.460256
0.394000	0.455210
0.395000	0.450186
0.396000	0.445184
0.397000	0.440204
0.398000	0.435246
0.399000	0.430310
0.400000	0.425397
0.401000	0.420506
0.402000	0.415638
0.403000	0.410793
0.404000	0.405972
0.405000	0.401174
0.406000	0.396399
0.407000	0.391649
0.408000	0.386922
0.409000	0.382220
0.410000	0.377542
0.411000	0.372889
0.412000	0.368260
0.413000	0.363656
0.414000	0.359078
0.415000	0.354524
0.416000	0.349997
0.417000	0.345494
0.418000	0.341018
0.419000	0.336568
0.420000	0.332144
0.421000	0.327746
0.422000	0.323375
0.423000	0.319030
0.424000	0.314713
0.425000	0.310422
0.426000	0.306159
0.427000	0.301923
0.428000	0.297715
0.429000	0.293534
0.430000	0.289381
0.431000	0.285257
0.432000	0.281160
0.433000	0.277092
0.434000	0.273053
0.435000	0.269042
0.436000	0.265060
0.437000	0.261107
0.438000	0.257183
0.439000	0.253289
0.440000	0.249424
0.441000	0.245588
0.442000	0.241783
0.443000	0.238007
0.444000	0.234261
0.445000	0.230546
0.446000	0.226861
0.447000	0.223207
0.448000	0.219583
0.449000	0.215990
0.450000	0.212428
0.451000	0.208897
0.452000	0.205397
0.453000	0.201929
0.454000	0.198492
0.455000	0.195087
0.456000	0.191713
0.457000	0.188372
0.458000	0.185063
0.459000	0.181785
0.460000	0.178540
0.461000	0.175328
0.462000	0.172148
0.463000	0.169000
0.464000	0.165886
0.465000	0.162804
0.466000	0.159756
0.467000	0.156741
0.468000	0.153758
0.469000	0.150810
0.470000	0.147895
0.471000	0.145013
0.472000	0.142166
0.473000	0.139352
0.474000	0.136572
0.475000	0.133826
0.476000	0.131114
0.477000	0.128437
0.478000	0.125794
0.479000	0.123186
0.480000	0.120612
0.481000	0.118073
0.482000	0.115569
0.483000	0.113099
0.484000	0.110665
0.485000	0.108266
0.486000	0.105902
0.487000	0.103573
0.488000	0.101280
0.489000	0.099022
0.490000	0.096800
0.491000	0.094613
0.492000	0.092462
0.493000	0.090347
0.494000	0.088268
0.495000	0.086225
0.496000	0.084218
0.497000	0.082247
0.498000	0.080312
0.499000	0.078414
0.500000	0.076552
0.501000	0.074727
0.502000	0.072938
0.503000	0.071185
0.504000	0.069470
0.505000	0.067791
0.506000	0.066148
0.507000	0.064543
0.508000	0.062975
0.509000	0.061443
0.510000	0.059949
0.511000	0.058492
0.512000	0.057072
0.513000	0.055689
0.514000	0.054343
0.515000	0.053035
0.516000	0.051764
0.517000	0.050531
0.518000	0.049335
0.519000	0.048176
0.520000	0.047056
0.521000	0.045972
0.522000	0.044927
0.523000	0.043919
0.524000	0.042949
0.525000	0.042017
0.526000	0.041122
0.527000	0.040266
0.528000	0.039447
0.529000	0.038666
0.530000	0.037923
0.531000	0.037218
0.532000	0.036551
0.533000	0.035923
0.534000	0.035332
0.535000	0.034779
0.536000	0.034265
0.537000	0.033788
0.538000	0.033350
0.539000	0.032950
0.540000	0.032588
0.541000	0.032264
0.542000	0.031978
0.543000	0.031731
0.544000	0.031522
0.545000	0.031351
0.546000	0.031218
0.547000	0.031124
0.548000	0.031068
0.549000	0.031050
0.550000	0.031070
0.551000	0.031129
0.552000	0.031225
0.553000	0.031360
0.554000	0.031534
0.555000	0.031745
0.556000	0.031995
0.557000	0.032283
0.558000	0.032609
0.559000	0.032974
0.560000	0.033376
0.561000	0.033817
0.562000	0.034296
0.563000	0.034813
0.564000	0.035368
0.565000	0.035961
0.566000	0.036592
0.567000	0.037262
0.568000	0.037969
0.569000	0.038714
0.570000	0.039497
0.571000	0.040319
0.572000	0.041178
0.573000	0.042074
0.574000	0.043009
0.575000	0.043982
0.576000	0.044992
0.577000	0.046040
0.578000	0.047125
0.579000	0.048248
0.580000	0.049409
0.581000	0.050607
0.582000	0.051843
0.583000	0.053116
0.584000	0.054427
0.585000	0.055775
0.586000	0.057160
0.587000	0.058583
0.588000	0.060042
0.589000	0.061539
0.590000	0.063073
0.591000	0.064643
0.592000	0.066251
0.593000	0.067895
0.594000	0.069577
0.595000	0.071295
0.596000	0.073049
0.597000	0.074841
0.598000	0.076669
0.599000	0.078533
0.600000	0.080433
0.601000	0.082370
0.602000	0.084344
0.603000	0.086353
0.604000	0.088398
0.605000	0.090480
0.606000	0.092597
0.607000	0.094750
0.608000	0.096939
0.609000	0.099163
0.610000	0.101424
0.611000	0.103719
0.612000	0.106050
0.613000	0.108416
0.614000	0.110818
0.615000	0.113254
0.616000	0.115726
0.617000	0.118232
0.618000	0.120773
0.619000	0.123349
0.620000	0.125960
0.621000	0.128605
0.622000	0.131284
0.623000	0.133998
0.624000	0.136746
0.625000	0.139528
0.626000	0.142344
0.627000	0.145194
0.628000	0.148078
0.629000	0.150995
0.630000	0.153946
0.631000	0.156930
0.632000	0.159947
0.633000	0.162998
0.634000	0.166081
0.635000	0.169198
0.636000	0.172347
0.637000	0.175529
0.638000	0.178744
0.639000	0.181991
0.640000	0.185270
0.641000	0.188582
0.642000	0.191925
0.643000	0.195301
0.644000	0.198708
0.645000	0.202147
0.646000	0.205617
0.647000	0.209119
0.648000	0.212651
0.649000	0.216215
0.650000	0.219810
0.651000	0.223436
0.652000	0.227092
0.653000	0.230779
0.654000	0.234496
0.655000	0.238244
0.656000	0.242021
0.657000	0.245829
0.658000	0.249666
0.659000	0.253533
0.660000	0.257429
0.661000	0.261354
0.662000	0.265309
0.663000	0.269293
0.664000	0.273305
0.665000	0.277347
0.666000	0.281416
0.667000	0.285514
0.668000	0.289641
0.669000	0.293795
0.670000	0.297977
0.671000	0.302187
0.672000	0.306424
0.673000	0.310689
0.674000	0.314981
0.675000	0.319300
0.676000	0.323646
0.677000	0.328018
0.678000	0.332417
0.679000	0.336842
0.680000	0.341294
0.681000	0.345771
0.682000	0.350274
0.683000	0.354803
0.684000	0.359357
0.685000	0.363936
0.686000	0.368541
0.687000	0.373170
0.688000	0.377824
0.689000	0.382502
0.690000	0.387205
0.691000	0.391932
0.692000	0.396682
0.693000	0.401457
0.694000	0.406255
0.695000	0.411076
0.696000	0.415920
0.697000	0.420788
0.698000	0.425678
0.699000	0.430590
0.700000	0.435525
0.701000	0.440482
0.702000	0.445461
0.703000	0.450461
0.704000	0.455483
0.705000	0.460527
0.706000	0.465591
0.707000	0.470676
0.708000	0.475782
0.709000	0.480909
0.710000	0.486055
0.711000	0.491222
0.712000	0.496408
0.713000	0.501614
0.714000	0.506839
0.715000	0.512084
0.716000	0.517347
0.717000	0.522629
0.718000	0.527929
0.719000	0.533248
0.720000	0.538584
0.721000	0.543939
0.722000	0.549311
0.723000	0.554700
0.724000	0.560106
0.725000	0.565529
0.726000	0.570969
0.727000	0.576425
0.728000	0.581898
0.729000	0.587386
0.730000	0.592890
0.731000	0.598409
0.732000	0.603944
0.733000	0.609493
0.734000	0.615057
0.735000	0.620636
0.736000	0.626229
0.737000	0.631836
0.738000	0.637457
0.739000	0.643091
0.740000	0.648739
0.741000	0.654400
0.742000	0.660073
0.743000	0.665759
0.744000	0.671458
0.745000	0.677168
0.746000	0.682891
0.747000	0.688625
0.748000	0.694370
0.749000	0.700127
0.750000	0.705894
0.751000	0.711672
0.752000	0.717461
0.753000	0.723260
0.754000	0.729068
0.755000	0.734887
0.756000	0.740715
0.757000	0.746552
0.758000	0.752398
0.759000	0.758253
0.760000	0.764117
0.761000	0.769989
0.762000	0.775869
0.763000	0.781757
0.764000	0.787652
0.765000	0.793555
0.766000	0.799466
0.767000	0.805383
0.768000	0.811307
0.769000	0.817237
0.770000	0.823174
0.771000	0.829117
0.772000	0.835066
0.773000	0.841020
0.774000	0.846980
0.775000	0.852945
0.776000	0.858916
0.777000	0.864891
0.778000	0.870870
0.779000	0.876854
0.780000	0.882842
0.781000	0.888834
0.782000	0.894830
0.783000	0.900830
0.784000	0.906833
0.785000	0.912839
0.786000	0.918848
0.787000	0.924859
0.788000	0.930873
0.789000	0.936890
0.790000	0.942909
0.791000	0.948929
0.792000	0.954952
0.793000	0.960976
0.794000	0.967001
0.795000	0.973027
0.796000	0.979055
0.797000	0.985083
0.798000	0.991112
0.799000	0.997141
0.800000	1.003170
0.801000	1.009199
0.802000	1.015228
0.803000	1.021256
0.804000	1.027284
0.805000	1.033311
0.806000	1.039337
0.807000	1.045361
0.808000	1.051384
0.809000	1.057406
0.810000	1.063426
0.811000	1.069443
0.812000	1.075458
0.813000	1.081471
0.814000	1.087481
0.815000	1.093489
0.816000	1.099493
0.817000	1.105494
0.818000	1.111491
0.819000	1.117485
0.820000	1.123475
0.821000	1.129460
0.822000	1.135441
0.823000	1.141418
0.824000	1.147390
0.825000	1.153357
0.826000	1.159318
0.827000	1.165274
0.828000	1.171225
0.829000	1.177170
0.830000	1.183108
0.831000	1.189040
0.832000	1.194966
0.833000	1.200884
0.834000	1.206796
0.835000	1.212701
0.836000	1.218598
0.837000	1.224487
0.838000	1.230368
0.839000	1.236242
0.840000	1.242107
0.841000	1.247963
0.842000	1.253810
0.843000	1.259648
0.844000	1.265477
0.845000	1.271296
0.846000	1.277106
0.847000	1.282905
0.848000	1.288695
0.849000	1.294473
0.850000	1.300241
0.851000	1.305998
0.852000	1.311744
0.853000	1.317478
0.854000	1.323200
0.855000	1.328911
0.856000	1.334609
0.857000	1.340295
0.858000	1.345968
0.859000	1.351629
0.860000	1.357276
0.861000	1.362910
0.862000	1.368530
0.863000	1.374136
0.864000	1.379728
0.865000	1.385306
0.866000	1.390869
0.867000	1.396418
0.868000	1.401951
0.869000	1.407470
0.870000	1.412972
0.871000	1.418459
0.872000	1.423930
0.873000	1.429385
0.874000	1.434823
0.875000	1.440245
0.876000	1.445650
0.877000	1.451037
0.878000	1.456408
0.879000	1.461760
0.880000	1.467095
0.881000	1.472412
0.882000	1.477710
0.883000	1.482991
0.884000	1.488252
0.885000	1.493494
0.886000	1.498718
0.887000	1.503922
0.888000	1.509106
0.889000	1.514270
0.890000	1.519415
0.891000	1.524539
0.892000	1.529643
0.893000	1.534726
0.894000	1.539789
0.895000	1.544830
0.896000	1.549850
0.897000	1.554848
0.898000	1.559825
0.899000	1.564780
0.900000	1.569712
0.901000	1.574623
0.902000	1.579510
0.903000	1.584376
0.904000	1.589218
0.905000	1.594037
0.906000	1.598833
0.907000	1.603605
0.908000	1.608353
0.909000	1.613078
0.910000	1.617779
0.911000	1.622455
0.912000	1.627107
0.913000	1.631734
0.914000	1.636336
0.915000	1.640913
0.916000	1.645465
0.917000	1.649992
0.918000	1.654493
0.919000	1.658968
0.920000	1.663417
0.921000	1.667840
0.922000	1.672237
0.923000	1.676607
0.924000	1.680951
0.925000	1.685268
0.926000	1.689558
0.927000	1.693820
0.928000	1.698055
0.929000	1.702263
0.930000	1.706443
0.931000	1.710595
0.932000	1.714720
0.933000	1.718816
0.934000	1.722883
0.935000	1.726922
0.936000	1.730933
0.937000	1.734914
0.938000	1.738867
0.939000	1.742790
0.940000	1.746684
0.941000	1.750549
0.942000	1.754384
0.943000	1.758189
0.944000	1.761965
0.945000	1.765710
0.946000	1.769425
0.947000	1.773110
0.948000	1.776764
0.949000	1.780388
0.950000	1.783980
0.951000	1.787542
0.952000	1.791073
0.953000	1.794572
0.954000	1.798040
0.955000	1.801477
0.956000	1.804882
0.957000	1.808255
0.958000	1.811597
0.959000	1.814906
0.960000	1.818183
0.961000	1.821428
0.962000	1.824640
0.963000	1.827820
0.964000	1.830967
0.965000	1.834081
0.966000	1.837163
0.967000	1.840211
0.968000	1.843226
0.969000	1.846208
0.970000	1.849157
0.971000	1.852072
0.972000	1.854953
0.973000	1.857801
0.974000	1.860615
0.975000	1.863394
0.976000	1.866140
0.977000	1.868852
0.978000	1.871529
0.979000	1.874172
0.980000	1.876780
0.981000	1.879353
0.982000	1.881892
0.983000	1.884397
0.984000	1.886866
0.985000	1.889300
0.986000	1.891699
0.987000	1.894063
0.988000	1.896392
0.989000	1.898685
0.990000	1.900942
0.991000	1.903165
0.992000	1.905351
0.993000	1.907502
0.994000	1.909617
0.995000	1.911696
0.996000	1.913739
0.997000	1.915746
0.998000	1.917717
0.999000	1.919651
